yb,yc,yd,ye,yf,yg,yh,yi,yj,yk,yl,ym,yn,yo,yp,yq,yr,ys,yt,yu,yv,yw,yx,yy,yz,zb,zc,zd,zf,zg,zh,zj,zk,zl,zm,zn,zo,zp,zq,zr,zs,zt,zu,zv,zw,zx,zy,aa,ac,ai,as,ba,de,eb,ei,ga,ge,hm,ic,id,ip,ki,lc,ld,lh,ln,lp,lt,lz,ni,oa,oc,on,or,os,ot,oz,pa,sa,uz,zz,ak,et,hd,im,is,ja,me,ti,ze,ad,ae,be,di,ea,ec,ed,em,ep,er,hi,jo,ne,ri,zi,ap,da,ee,ho,ma,ra,re,th,le,mi,na,sh,am,ar,at,he,ch,ie,za,al,az,ph,an,eh,je,li,ia,ah,ha,el
51,55,56,79,86,89,92,101,102,109,110,111,114,116,117,125,127,129,133,134
1,2,3,4,6,8,10,13,15,16,17,18,19,21,22,25,26,36,38,51
81,82,84,90,96,106,109,117,118,119,121,125,126,127,132,134
1,3,4,5,6,7,8,10,11,13,14,15,16,20,37,52






























































































114
1
120
1
132
1
105
1
110
1
131
1
96
1
132
1
109
1
106
1
107
1
133
1
131
1
133
1


100
1
90
1
127
1
119
1
124
1
122
1
105
1
132
1
133
1
120
1
119
1
117
1
133
1
133
1
90
1
113
1
126
1
104
1
122
1
84
1


54,122
1,2
134
1
133
2
83,133
1,2
113,134
1,2
132,134
1,2
121,126
1,2
81
1


111,124
1,2
93,132,134
1,2,3
67,123,130
1,2,3
100,133
1,2
59,124
1,2
131
3
133
3
95,97,132
1,2,3
132,134
1,3
112,115,121
1,2,3
120,134
2,3
132
3
132,134
1,3
133
3
130
1


110,116,123,132
1,2,3,4
62,103,130
1,2,3
57,117,121
1,2,3
114,121,126,134
1,2,3,4
117,127,132
1,3,4
121,125,134
1,2,3
121,132
1,5
102,112,131
1,3,4
94,98,105,117
1,2,4,5
118,124,131
1,2,3
48,107,131
1,2,5
131,133
1,4
92,114,124,126
1,3,4,5
53,91,118,122,131,134
1,2,3,4,5,6


103,104,106,111,126,134
1,2,3,4,5,6
82,88,107,121,122,131
2,3,4,5,6,8
91,118,122,125,131
1,4,5,6,7
91,119,124,127
1,4,5,7
49,107,127,131
1,2,4,5
52,70,73,74,76,97,122,124
1,2,3,4,5,7,8,9
83,93,100,108,110,111,133
1,2,3,7,8,9,10
50,81,87,90,116,119,126,132,134
1,2,3,4,6,7,8,10,11
61,78,106,112
1,2,3,4
87,93,125
1,2,4
69,88,103,104,109,113,115,123,126,134
1,2,3,4,5,7,9,10,12,14
60,77,84,85,94,95,106,115,123,131,133
1,2,3,5,6,7,8,9,10,14,15
