ap,ev,ag,ao,ov,ch,ze,cu,oi,az,ac,rd,mu,rm,ut,ol,ob,ic,ng,ab,et,su,ni,at,ed,ns,sc,ig,sp,od,vo,mp,eg,mi,ec,gr,ui,ba,fi,fe,br,si,li,il,un,be,tu,nc,ne,ge,fa,eu,gu,ho,go,ci,um,lo,he,fo,ga,io,nh,ua,ur,rr,ti,pr,vi,ai,di,av,im,ir,ha,us,le,id,rt,it,ss,la,ce,ou,lh,va,so,pe,pa,el,ve,sa,mo,na,on,ca,is,me,tr,om,ia,ri,ei,al,in,no,po,ad,am,ro,st,em,to,nd,ta,ma,co,ar,da,se,or,re,nt,er,en,an,te,ue,ra,es,as,do,qu,de,os
0,1,2,3,4,5,6,7,8,9,10,11,12,13,14,15,16,17,18,19,20,21,22,23,24,25,26,27,28,29,30,31,32,33,34,35,37,38,39,40,41,42,43,44,45,46,47,48,49,50,51,52,53,54,55,56,57,58,59,60,61,62,64,65,66,67,68,69,70,71,72,73,74,75,76,77,78,79,80,81,82,83,84,85,86,87,88,89,90,91,92,93,94,95,96,97,98,99,100,101,102,103,104,105,106,107,108,109,110,111,112,113,114,115,116,117,118,119,120,121,122,123,124,125,126,128,129,130,131,132,133,134
187,192,307,607,610,795,802,970,972,980,1177,1191,1522,1526,1528,1653,1759,1761,1779,1892,1943,2292,2472,2573,2588,2594,2600,2631,2663,2672,2885,2894,2911,3106,3109,3443,3633,3982,4346,4534,4691,4895,5022,5062,5272,5467,5597,5964,6396,6939,7024,7273,7395,7464,7727,8020,8302,8357,8962,9084,9087,9092,9107,9119,9365,9928,10490,10535,11064,11141,11252,11355,11405,11482,11771,11803,11811,11818,11880,12074,12297,12756,13177,13378,13813,14580,15358,15506,16280,16645,17161,17781,18012,18762,18850,19360,19769,19776,19794,20266,20293,20907,21407,22236,23543,23650,23976,24158,24177,24770,25332,25375,25808,27223,29303,29727,30638,32718,32823,33641,33649,33779,34310,34601,35593,35696,36955,37763,38839,42362,45032,45891
0,1,2,3,4,5,6,7,8,9,10,11,13,14,15,16,17,18,19,20,21,22,23,24,25,26,27,28,29,30,31,32,33,34,35,36,37,38,40,41,42,43,44,45,46,47,48,49,50,51,52,53,54,55,56,57,58,59,60,61,62,63,64,65,66,67,68,69,70,71,72,73,74,75,76,77,78,79,80,81,82,83,84,85,86,87,88,89,90,91,92,93,94,95,96,97,98,99,100,101,102,103,104,105,106,107,108,109,110,111,112,113,114,115,116,117,118,119,120,121,122,123,124,125,126,127,128,129,130,131,132,133,134
6,7,12,243,259,266,289,298,421,578,583,594,624,627,678,680,687,707,713,726,736,746,808,812,941,944,949,979,983,1102,1128,1141,1153,1156,1202,1349,1402,1409,1418,1477,1599,1731,1732,1813,1878,1901,1958,2029,2066,2448,2478,2749,3114,3132,3500,3730,4151,4154,4321,4777,4785,4973,4977,4987,5036,5108,5136,5273,5290,5300,5527,5692,6127,6438,6617,6641,6666,6785,6812,7141,7352,7658,7662,8116,8552,8611,8668,8737,8875,9280,9606,10243,10265,10575,11447,11775,11835,12471,13538,13566,13889,14271,14297,15169,15314,15320,16084,16878,17052,18678,20088,20117,20972,21439,21792,22633,24059,25251,26318,26772,26829,27488,27545,27714,29251,32186,33845,35246,38377,41261,41281,43619,47419
2,10,15,20,29,61,64,71,79,81,83,89,94,103,104,107,108,109,112,117,120,121,123,124,125,128,129,130,134
1,3,13,15,17,18,20,21,86,87,92,101,102,103,106,108,109,121,124,197,200,233,256,258,263,264,267,272,279
15,43,51,71,72,77,79,83,100,102,107,108,111,117,123,124,125,129,130
10,13,14,28,33,44,46,47,52,53,58,64,75,87,94,95,153,160,171
9,19,22,63,69,79,83,94,96,101,102,103,104,105,107,109,111,117,120,121,124,125,127,128,129,130,134
4,6,7,11,13,14,16,17,18,25,39,40,57,60,65,66,82,97,154,170,172,179,182,205,206,224,231
113
9
51,71,72,77,89,96,100,102,104,107,108,111,117,123,124,125,129,130,134
6,8,16,31,33,34,41,49,50,57,61,65,75,101,105,108,109,130,153
2,4,17,20,24,32,34,71,72,83,100,102,103,104,107,108,111,117,120,123,124,125,129,130,134
2,4,5,9,10,62,67,70,73,74,76,104,106,112,117,189,192,216,236,239,245,249,254,260,262
43,45,48,57,80,81,92,105,110,113,121,122,128
1,2,3,6,10,18,20,21,24,96,99,115,129
12,31,57,62,65,66,70,76,77,78,81,87,88,91,97,101,106,108,109,110,113,114,115,119,121,128,131,133
1,8,13,15,16,18,20,22,75,80,85,86,94,100,105,111,112,113,124,129,142,146,150,151,160,186,196,198
91,109,114,125,126,128,131
17,18,21,25,41,42,43
2,36,61,77,89,95,100,102,111,123,124,125,129
2,4,6,11,12,13,37,39,71,108,158,160,169
15,19,20,23,24,29,43,44,53,56,58,61,66,72,74,75,77,94,98,99,100,101,102,104,107,109,112,114,120,121,123,124,125,126,128,129,130,134
3,25,26,27,30,34,41,47,55,56,67,68,69,71,114,116,121,134,135,152,153,158,163,164,165,169,174,175,184,191,200,238,239,241,243,263,267,273
4,34,43,51,61,63,64,69,71,77,83,96,100,102,104,107,108,111,117,120,123,124,125,129,130,134
1,3,6,8,9,13,16,17,20,40,42,44,52,60,61,130,131,134,137,142,151,221,233,251,262,263
13,22,25,48,57,62,79,81,84,91,109,113,118,128,131,133
6,10,11,12,15,17,124,129,141,151,179,285,301,307,309,310
23,27,29,34,64,69,71,73,79,83,89,94,96,104,107,108,111,117,124,125,129,130,134
1,2,3,8,14,15,16,18,21,23,28,29,30,61,111,113,116,123,141,150,155,215,282
17,43,63,64,71,89,94,96,100,101,102,104,107,108,109,117,120,121,124,125,128,130,134
2,11,12,22,23,25,26,27,28,29,38,40,42,45,196,197,200,211,212,213,300,312,321
14,15,17,23,24,44,53,56,58,60,68,71,72,74,77,87,90,94,99,104,107,112,114,116,117,118,124,125,126,129,130,131,134
1,2,3,6,7,11,67,69,88,90,93,95,104,174,178,188,199,201,203,204,205,207,219,221,227,237,247,249,253,262,264,268,277
24,56,73,75,100,101,109,111,119,121,123,125,128
44,45,46,51,52,98,99,102,106,232,318,321,358
0,15,44,53,57,61,64,71,77,83,94,100,102,103,104,107,108,112,117,120,124,125,129,130,134
1,3,4,6,7,15,16,29,31,47,49,50,51,52,58,73,80,83,99,107,114,125,126,148,182
0,15,36,63,64,69,71,72,73,76,77,79,81,89,100,101,102,103,104,107,108,109,117,121,123,124,125,127,128,129,130,134
1,2,11,27,28,30,31,33,35,42,54,56,62,67,75,76,83,85,88,92,99,102,110,111,112,138,208,240,247,252,255,266
15,17,23,24,34,43,44,69,71,77,79,83,86,89,94,99,100,101,102,103,107,109,110,111,117,120,121,123,124,128,129,130
1,2,7,10,12,17,29,39,41,51,68,70,71,88,90,93,104,131,134,204,207,209,210,217,234,237,242,269,271,293,294,309
1,2,44,51,56,63,64,69,72,73,75,77,79,93,94,96,100,101,102,103,104,107,108,109,111,120,123,124,125,128,129,130,134
1,2,17,21,25,26,27,28,31,32,34,46,48,49,51,52,57,59,60,67,71,76,78,79,83,86,169,199,209,226,235,266,267
11,26,28,31,33,60,66,67,71,73,81,82,87,91,92,97,103,104,106,107,109,110,113,114,115,120,122,128,130,131
3,4,25,32,34,35,38,45,58,61,63,84,91,95,101,104,105,106,109,112,114,144,145,146,155,157,159,174,197,198
18,33,37,38,39,57,59,62,80,82,87,90,91,92,93,95,97,105,106,108,110,112,114,115,116,118,119,121,124,128,130,131,132,134
10,72,74,75,79,87,88,99,101,102,103,106,108,130,140,146,147,159,164,165,183,196,207,232,243,258,259,260,262,264,271,279,280,290
14,15,17,27,43,51,63,64,69,71,77,81,83,89,94,96,100,101,102,103,104,107,108,109,111,117,120,121,123,124,125,128,129,130,134
3,4,8,9,12,13,26,71,73,79,81,84,87,94,97,101,102,103,106,133,139,158,169,186,187,203,204,222,240,254,265,275,283,289,291
17,34,51,71,72,73,75,77,79,89,94,96,100,102,104,107,109,111,120,121,123,124,125,128,129,130,134
3,31,36,37,40,42,45,62,64,65,77,79,87,88,90,103,126,132,173,174,178,181,182,202,224,229,258
2,15,16,27,34,44,46,55,56,59,63,66,69,71,77,88,89,94,96,98,102,104,107,108,114,117,120,123,124,125,129,130,134
17,22,23,41,43,45,46,50,54,57,58,61,64,66,68,71,97,99,101,117,118,136,151,176,193,197,201,203,222,235,237,239,243
0,14,15,16,36,51,56,61,63,64,69,71,72,75,77,79,81,83,94,100,101,103,107,108,111,117,120,121,123,124,125,128,130,134
10,12,16,56,66,70,74,77,78,118,120,126,130,135,144,145,153,154,191,195,204,209,212,216,224,256,260,276,285,311,338,344,353,357
22,29,36,48,61,63,64,71,93,100,102,105,107,108,111,117,120,121,124,125,127,130,134
4,5,10,13,19,42,57,61,75,83,95,112,122,129,130,133,138,143,154,164,167,178,270
4,8,10,17,24,34,56,61,73,76,77,79,81,89,94,100,101,102,103,104,107,117,120,121,123,124,125,129,130,134
1,20,25,28,40,50,51,53,73,74,79,80,86,88,119,120,122,147,161,163,190,198,200,208,318,321,373,386,389,410
43,61,94,100,101,102,107,108,109,111,120,121,123,124,129,130,134
1,3,4,16,19,30,35,36,38,44,50,54,126,128,136,158,232
6,26,55,57,65,71,78,80,83,91,95,107,108,109,112,116,117,118,121,122,125,128,130
4,8,9,10,14,17,22,88,90,91,99,104,108,117,120,122,125,126,157,175,179,182,183
2,9,17,20,24,34,44,46,57,69,76,77,79,81,89,101,102,104,107,108,109,111,117,120,121,123,124,125,128,129,130,134
1,2,3,11,19,21,22,29,48,51,52,56,59,60,66,79,80,81,86,88,89,92,98,101,199,208,220,286,292,297,301,334
24,36,44,51,64,69,71,72,77,79,83,94,96,100,101,107,108,109,111,117,121,123,124,125,127,128,130,134
8,29,62,63,101,104,113,122,125,126,127,128,129,132,163,211,228,247,248,271,309,311,315,347,363,383,394,403
22,25,28,41,42,48,54,55,60,62,66,78,80,81,84,91,92,93,95,105,107,108,110,112,113,114,115,118,119,122,126,128,130,131,133,134
10,11,12,13,17,26,109,111,133,207,211,212,216,227,234,235,240,275,276,285,286,287,294,296,297,310,311,321,327,329,334,344,345,366,368,371
14,15,16,24,42,44,51,58,61,72,74,76,77,81,83,94,99,100,102,107,108,111,112,121,123,124,125,129,130,134
2,12,13,15,16,17,31,33,36,44,50,51,118,121,122,123,126,155,179,191,192,221,224,243,273,286,287,308,309,311
1,10,23,24,32,69,71,72,77,79,83,96,100,104,107,108,111,117,125,129,130,134
1,2,3,11,20,21,42,61,63,82,83,84,107,116,134,138,146,149,369,387,389,404
20,22,30,41,42,57,62,71,76,81,83,84,85,88,93,97,101,105,107,108,110,112,113,114,115,116,117,118,119,121,122,125,126,128,130,131,133
20,21,22,23,24,36,39,41,46,47,49,50,52,53,62,63,67,73,76,79,93,181,189,208,210,212,214,262,278,279,282,283,284,285,291,311,316
11,17,41,42,43,45,54,57,59,62,65,66,80,81,84,85,92,93,95,96,97,98,100,101,105,109,110,113,114,116,118,121,126,128,131
7,10,12,13,14,17,18,20,21,38,47,54,58,62,124,127,128,131,132,133,134,135,142,144,149,163,185,222,240,256,262,270,289,321,328
6,7,13,18,22,25,42,48,52,55,57,71,82,83,84,89,93,95,98,102,105,107,108,109,116,117,118,121,125,128,130,131,132,133,134
25,26,52,72,80,83,86,88,103,105,106,108,109,110,214,218,236,302,304,305,314,325,327,329,352,354,362,363,373,374,376,382,389,392,400
5,7,10,13,25,33,42,45,48,55,61,65,66,78,79,80,91,92,97,100,101,105,109,110,113,114,115,121,128,133
4,5,6,14,20,25,29,31,33,35,45,77,78,81,164,166,176,178,179,195,229,230,283,301,338,343,347,390,426,427
1,14,15,17,20,27,34,61,71,72,73,77,83,100,104,107,108,111,117,125,129,130,134
17,39,40,49,50,78,86,89,122,124,136,139,141,144,159,188,199,204,213,279,296,332,348
12,18,30,31,42,46,47,52,54,60,62,66,78,81,84,85,86,92,93,95,105,107,110,112,114,115,116,118,121,122,124,125,128,130,132,133,134
1,14,18,19,21,22,29,31,49,52,58,59,61,62,63,64,66,96,147,148,152,153,179,189,255,278,280,297,300,307,308,310,311,313,314,316,317
0,18,26,31,33,39,45,47,49,50,51,60,62,80,82,85,86,87,90,91,92,93,94,95,97,105,106,108,110,112,113,114,115,116,117,118,125,128,131,132,134
1,3,5,25,33,35,46,47,70,71,73,75,80,87,95,96,100,101,102,105,107,134,137,158,177,186,188,189,193,197,225,237,264,305,306,330,335,342,348,351,353
2,23,27,53,61,71,74,75,77,79,90,96,97,99,100,104,107,115,117,118,124,125,129,130,133,134
11,17,29,111,112,114,220,287,288,292,300,302,311,312,313,314,322,323,324,326,328,338,343,348,353,354
17,35,50,53,59,61,70,74,77,95,104,107,112,114,118,123,130,131
1,2,11,12,16,17,19,28,37,114,118,120,153,222,256,257,259,450
11,18,22,23,25,42,45,48,57,70,73,76,78,80,81,82,92,96,100,101,105,107,109,110,113,114,121,128,131,133
6,8,17,19,21,35,46,47,70,85,93,97,129,132,165,168,171,172,175,178,179,181,182,184,192,201,202,233,236,265
12,22,26,37,52,57,60,66,67,69,70,71,77,81,87,91,93,97,103,105,107,108,109,112,113,114,115,118,121,125,128,130,131,133,134
3,7,8,13,65,70,81,83,84,86,87,88,89,91,95,97,120,140,151,173,174,175,189,199,202,204,219,220,239,240,341,342,436,453,464
4,15,16,24,42,43,51,53,58,61,64,69,71,72,74,77,79,89,94,96,99,100,102,104,107,108,109,111,117,120,121,123,124,125,129,130,134
1,2,7,40,63,64,65,74,93,98,103,104,109,115,122,144,151,153,164,165,168,260,266,267,268,269,270,274,278,296,299,351,357,360,374,379,389
13,35,40,46,50,52,54,55,60,61,62,73,76,78,80,81,82,86,90,92,97,98,100,101,103,105,109,110,112,114,117,119,121,122,125,126,128,130,131,134
1,31,32,47,55,59,62,68,84,85,130,150,166,169,174,204,219,222,230,231,232,242,249,250,251,259,273,342,345,348,349,359,368,376,377,379,392,397,403,406
11,13,15,18,22,25,48,57,62,73,81,97,100,109,110,113,115,120,121,122,126,128,131
1,7,8,9,11,13,27,28,47,80,92,98,99,105,139,140,141,142,143,494,495,525,533
6,7,20,30,33,40,54,55,57,60,70,76,78,81,82,85,92,93,97,100,101,104,105,109,110,112,113,114,115,118,121,122,128,131
96,103,105,133,135,141,143,150,153,154,158,173,177,205,209,210,247,248,256,257,262,265,272,273,274,275,287,293,375,376,381,401,402,419
91,95,101,109,115,116,119
25,26,27,37,38,39,73
2,24,25,51,57,61,69,72,73,77,81,84,100,102,103,104,107,109,110,111,112,113,115,117,118,122,123,124,128,129,130,131,133,134
2,3,26,27,28,30,32,34,39,55,63,64,90,92,112,126,130,151,154,158,159,192,210,250,257,271,346,347,380,419,472,474,475,476
28,33,48,65,86,90,91,97,101,109,115,121,128
6,9,16,42,49,51,53,80,99,109,110,135,156
6,11,42,62,64,65,71,86,90,91,93,107,108,109,110,114,117,128,130,133
1,2,3,11,13,15,16,19,40,43,45,51,54,57,79,80,81,138,143,144
18,22,26,30,38,39,42,45,47,62,67,68,76,80,81,85,87,88,92,93,94,97,103,105,107,108,109,110,112,113,114,115,116,117,118,122,124,126,130,131,133,134
4,7,8,9,10,11,12,13,23,24,26,28,30,31,43,45,60,76,77,83,84,103,104,107,108,112,113,114,131,132,148,163,164,169,263,270,273,279,292,368,380,419
20,37,40,43,67,69,71,77,100,104,107,108,120,123,124,125,129,130,134
6,10,11,20,27,28,29,31,34,39,49,50,58,61,75,157,173,185,186
6,18,35,54,59,62,64,70,73,80,81,82,86,87,88,91,93,97,101,109,112,113,114,121,128,132
2,96,106,173,174,175,197,198,200,201,202,203,221,222,223,227,228,231,248,250,273,274,276,301,305,311
11,13,28,33,40,42,52,55,60,61,73,76,79,82,92,96,100,110,113,114,116,121,122,128,131
6,7,15,22,24,26,27,46,97,117,171,175,177,192,195,196,208,209,216,220,225,232,235,239,240
13,25,49,54,55,60,78,80,84,92,95,97,110,114,115,121,122,128
87,116,130,173,174,177,320,341,344,347,348,355,357,358,359,360,375,446
6,11,18,22,37,42,45,48,57,61,62,70,76,80,81,82,84,85,91,92,93,96,97,100,101,105,109,110,113,114,115,118,121,122,126,128,131
2,5,20,21,22,24,25,27,29,30,43,44,49,55,59,60,61,81,95,104,117,120,134,136,137,182,186,194,223,224,273,301,314,342,344,358,434
48,54,60,76,81,84,86,87,88,91,93,97,121,122
8,9,10,13,15,18,53,54,55,77,79,80,84,86
34,56,69,71,83,100,102,107,108,117,120,125,129,130,134
34,79,81,85,87,115,152,171,205,218,275,286,287,335,379
6,11,42,49,68,70,76,78,81,85,90,93,96,97,98,101,112,113,115,118,119,122,132,133
1,35,41,43,44,47,48,58,67,68,80,82,104,105,113,114,115,222,223,226,245,353,354,356
5,12,30,34,49,61,69,70,71,77,79,85,86,88,91,93,95,96,100,102,103,105,107,108,111,112,114,116,117,118,120,124,125,128,130,131,132,134
1,7,11,20,25,42,53,57,58,59,67,73,78,79,80,82,84,85,91,102,110,114,134,138,140,141,147,151,162,163,189,193,203,204,229,231,234,334
2,10,20,24,32,34,36,51,69,72,73,77,83,94,99,100,102,103,104,107,108,111,120,121,123,124,125,129,130,134
1,11,14,21,29,40,41,43,45,50,51,57,58,60,65,72,93,94,95,111,121,135,139,140,158,224,231,240,311,319
2,7,11,13,18,22,25,30,35,38,39,40,42,46,48,49,52,54,55,57,60,62,76,80,81,84,85,90,92,93,94,95,97,103,105,106,108,109,110,112,113,115,116,118,121,122,125,128,129,130,131,134
3,5,6,7,18,19,20,26,29,38,41,42,43,49,51,52,57,114,118,123,160,233,234,238,249,252,256,283,292,312,315,339,357,359,375,376,378,391,392,395,405,444,467,488,493,503,506,542,543,544,587,592
4,9,15,16,20,23,29,32,34,61,69,71,72,73,77,79,94,96,99,100,104,107,111,117,124,125,129,130,134
52,63,64,67,89,95,104,115,125,144,171,175,246,247,256,258,270,275,306,316,338,341,353,355,365,373,489,491,498
2,15,18,30,40,41,46,54,55,62,68,70,71,76,78,80,81,82,84,85,86,90,91,92,93,97,101,105,107,108,110,111,112,113,114,118,119,121,122,123,125,128,129,130,131,133,134
8,12,34,43,45,50,57,58,62,105,108,113,114,116,135,144,155,156,174,186,189,209,218,225,251,264,271,285,286,295,357,359,360,381,383,476,477,480,481,489,491,511,515,524,564,572,575
10,23,30,37,57,62,93,95,103,105,107,109,113,116,118,120,121,128,130,133,134
1,2,3,7,8,16,30,31,33,34,36,38,73,77,81,100,108,109,123,131,145
6,18,19,22,25,26,28,30,38,39,42,54,55,57,60,62,68,80,81,82,85,90,92,93,94,95,97,99,101,105,108,110,112,113,114,116,118,121,124,125,126,128,130,131,134
49,50,53,55,56,70,75,76,87,103,115,121,123,124,131,137,190,234,241,242,246,260,261,277,280,286,290,291,292,301,314,323,351,357,366,372,400,425,434,486,489,490,512,561,571
32,43,61,69,71,77,89,96,100,103,107,108,117,120,123,124,125,128,129,130,134
48,64,66,67,68,75,76,83,94,139,144,289,301,339,353,379,390,433,454,458,465
2,15,17,27,40,44,45,67,69,71,73,77,79,83,87,88,102,103,106,107,108,111,117,120,123,124,125,130,134
18,19,21,88,90,92,93,97,111,116,117,119,136,137,153,162,215,222,241,262,264,265,271,287,288,386,391,422,468
10,21,23,44,46,49,64,69,71,73,77,82,83,86,87,92,93,96,97,100,102,103,104,107,108,109,111,112,115,117,124,125,126,129,130,133,134
2,3,7,8,27,29,30,32,38,39,40,42,46,48,50,53,54,55,77,86,119,123,125,154,179,181,183,184,187,199,204,219,221,230,277,279,376
13,31,60,68,76,80,85,90,92,93,96,97,100,101,105,110,113,115,118,121,122,128,131
2,3,5,17,18,20,36,52,65,68,70,78,79,82,99,100,120,177,191,198,199,215,268
54,55,64,66,71,79,83,87,95,98,107,108,112,114,116,117,123,124,125,126,129,130,134
1,2,3,16,18,86,90,102,157,247,309,311,331,351,354,364,369,371,379,407,444,482,483
7,28,30,35,40,41,45,47,48,49,54,56,60,62,69,73,77,78,79,82,85,90,91,92,93,94,96,97,98,103,107,109,110,112,113,115,118,119,121,122,126,130,131
9,10,11,71,94,95,96,97,100,101,105,106,110,120,124,151,152,153,178,188,311,344,348,349,350,354,368,381,386,398,399,413,428,429,430,433,446,449,450,510,512,514,540
15,51,69,71,77,83,89,100,102,103,104,107,108,109,111,117,120,121,123,124,125,128,129,130,134
4,6,7,15,16,18,21,23,28,30,31,215,218,219,220,222,231,232,234,248,250,252,260,331,473
2,9,17,19,34,43,44,51,69,71,72,73,77,83,96,100,102,103,104,107,108,111,117,123,125,129,130,134
1,2,7,8,9,16,41,44,57,71,74,79,95,102,103,111,112,131,138,157,164,167,178,180,201,278,298,326
20,27,36,63,64,69,71,77,83,100,101,103,104,107,108,117,120,121,123,125,129,130,134
1,2,4,5,9,15,30,31,35,36,38,40,41,58,69,88,98,102,125,221,227,257,407
2,4,9,20,32,36,51,61,64,71,72,75,77,83,89,94,96,99,100,102,103,104,107,108,111,117,120,123,124,125,129,130,134
4,7,9,10,26,32,33,34,44,54,209,210,217,221,224,230,232,233,234,238,249,258,297,305,357,386,391,395,426,453,468,487,539
11,13,14,26,30,31,33,35,37,38,47,48,49,52,54,60,61,66,70,75,78,80,82,85,92,93,95,98,100,101,105,109,112,113,114,115,118,121,122,126,128,131,134
1,2,3,6,7,9,10,21,37,38,39,42,43,44,58,66,67,70,71,72,73,81,82,107,110,111,114,119,120,126,128,178,181,203,211,226,239,257,273,280,316,340,341
11,25,37,43,45,52,54,57,60,61,62,65,66,70,71,73,76,78,79,80,81,85,86,90,91,92,93,96,97,100,101,105,106,109,110,113,119,121,122,125,126,128,131,133,134
5,6,7,11,48,49,60,67,72,83,84,91,92,99,100,110,156,250,268,304,305,308,316,317,328,330,336,337,338,342,346,356,357,362,368,418,419,435,470,491,492,503,530,558,560
30,37,45,68,76,85,86,88,90,91,95,98,101,109,112,114,116,119,121,126,128,132,133
13,25,34,73,74,87,95,98,117,182,203,453,454,618,622,624,689,691,697,709,718,719,720
17,51,69,71,77,83,100,102,104,107,108,111,117,120,123,124,125,129,130,134
1,4,11,21,25,29,32,57,58,101,102,103,118,142,158,162,191,195,240,352
11,26,42,49,54,57,60,65,66,76,77,80,84,85,86,92,95,97,101,106,109,110,113,118,121,122,126,128,131
1,5,15,18,21,59,68,71,73,135,139,153,157,175,181,182,183,186,195,197,204,207,221,235,241,304,305,314,342
7,11,18,35,39,40,45,48,50,59,62,64,65,67,68,71,75,76,78,80,81,83,87,92,93,96,97,105,107,108,110,112,116,117,121,125,130
1,2,3,5,6,42,121,127,130,132,152,154,156,167,170,173,174,177,208,221,226,227,229,234,239,250,280,306,308,311,312,313,326,327,329,333,337
7,11,13,22,25,26,42,46,48,52,54,55,57,60,61,62,65,66,70,76,78,79,80,81,82,84,86,91,93,95,97,98,100,101,105,107,109,110,112,113,116,118,119,121,122,126,128,132,133
1,54,60,61,88,94,100,103,120,121,122,128,213,216,217,219,220,224,246,275,316,440,460,553,555,557,567,590,605,612,613,614,617,691,694,695,714,719,723,749,750,760,761,783,787,788,903,931,952
5,6,18,26,28,30,47,48,52,54,55,57,59,60,61,62,75,78,80,81,82,84,85,87,92,93,96,98,101,105,109,110,113,114,118,121,122,126,128,131,133
10,13,14,20,21,22,24,25,27,32,33,34,35,43,46,130,131,298,429,468,470,484,487,488,489,492,506,507,512,526,532,543,550,553,581,694,726,733,946,959,967
1,10,17,23,27,29,32,34,38,40,51,53,58,60,61,72,73,74,75,77,79,83,85,91,92,94,96,100,102,104,107,111,117,118,124,125,129,130,133,134
4,5,25,27,33,34,39,40,42,43,45,122,124,130,131,132,133,194,196,203,208,215,221,223,227,228,230,232,250,265,278,284,285,287,308,311,394,509,511,570
6,11,13,22,25,47,48,54,57,60,61,62,73,78,79,80,81,84,92,93,96,97,100,101,109,110,113,118,119,121,122,128,130,133
32,107,114,117,125,212,233,235,249,295,309,321,328,343,351,365,398,428,432,434,444,449,452,456,458,488,560,563,564,596,729,752,753,774
11,13,18,25,31,35,38,42,45,46,47,49,54,57,60,61,65,66,70,73,80,81,82,84,85,88,92,93,96,97,100,101,104,105,109,110,111,113,114,115,116,118,121,122,128,131
1,2,41,42,47,55,59,60,117,119,128,144,146,155,159,160,169,176,190,199,207,211,216,230,245,246,262,269,270,296,302,305,308,313,314,316,320,337,338,339,341,383,386,461,479,551
11,21,22,25,26,33,38,54,55,57,64,65,68,75,76,78,81,84,85,86,90,91,93,97,101,109,110,112,113,114,118,119,121,122,128,129,131,133
1,7,11,14,15,17,18,19,21,22,117,136,157,158,169,274,276,278,282,323,344,399,402,408,422,428,525,534,540,554,556,557,581,633,671,672,691,695
5,11,14,26,30,37,38,46,48,49,55,65,68,70,73,75,80,81,82,85,86,88,90,92,96,97,100,101,105,110,113,118,122,126,128,131,132
1,3,7,40,41,43,45,85,86,87,88,89,91,92,100,144,156,165,175,207,208,209,257,273,290,297,298,300,303,305,339,381,390,392,401,445,459
5,6,15,21,26,28,30,38,39,41,46,49,51,52,53,54,55,58,59,60,66,68,70,71,74,82,86,90,91,95,98,100,103,104,109,110,112,114,116,117,118,119,120,124,125,126,128,129,130,131,132,133,134
6,18,19,23,27,28,36,57,59,78,88,130,134,135,158,192,193,235,242,262,282,292,315,316,332,370,406,426,430,433,534,535,536,540,546,560,584,659,674,677,726,772,782,784,790,921,953,971,973,982,995,1281,1286
5,13,14,18,22,25,26,30,31,33,37,40,41,42,45,46,47,48,57,65,66,67,68,73,75,76,78,80,81,85,86,87,88,90,91,92,93,96,97,100,101,104,105,106,109,110,111,112,113,114,115,118,121,122,126,128,131,133,134
1,6,16,17,19,48,52,53,107,153,169,170,171,175,222,235,236,238,240,258,265,266,267,273,296,306,308,315,322,398,435,439,449,452,477,480,493,495,497,500,503,505,524,526,538,607,610,611,635,636,641,674,683,743,747,773,816,821,822
39,43,46,48,50,55,59,66,71,79,81,83,86,87,88,94,95,98,100,102,104,106,107,108,112,114,115,116,117,119,123,125,126,128,129,130,132,134
1,2,8,11,14,16,18,34,35,41,42,43,65,67,74,79,81,87,88,89,90,94,96,97,186,268,274,282,284,349,367,368,414,416,421,434,439,441
22,25,41,42,48,57,61,66,70,71,73,75,76,77,80,81,82,83,84,91,92,93,95,97,100,101,105,107,109,110,112,113,114,116,117,118,119,121,122,126,128,131,133
8,42,45,61,72,73,90,105,116,117,172,189,190,191,205,207,216,217,244,249,253,257,262,265,275,277,328,336,361,374,377,389,420,421,422,424,425,451,802,849,852,883,893
1,2,4,8,9,10,15,19,20,23,24,27,32,36,51,56,61,69,71,72,77,79,83,89,94,96,99,100,102,103,104,107,108,111,117,125,127,129,130,134
20,28,35,39,106,109,110,176,178,209,211,212,225,237,239,248,257,262,290,291,294,299,318,341,353,382,391,430,453,456,462,481,489,533,569,681,682,695,755,829
4,17,20,22,24,27,29,34,37,40,44,45,51,56,67,69,71,77,83,87,88,89,94,100,102,104,106,107,108,111,117,120,123,124,125,129,130,134
4,7,72,74,75,79,81,84,111,132,134,143,145,146,159,162,164,165,177,206,278,279,286,287,293,298,300,322,329,335,368,370,375,426,454,469,472,482
47,49,54,55,60,76,80,82,85,92,93,96,97,101,105,106,110,112,113,115,118,121,122,126,128,131,133
1,9,12,13,14,15,17,18,26,27,41,42,47,52,62,63,65,68,77,84,92,94,132,133,136,158,159
2,6,13,15,23,26,30,33,37,38,39,41,44,45,46,47,48,49,50,52,54,55,57,60,62,66,69,80,82,83,85,86,92,93,94,95,97,98,103,105,107,108,110,112,113,114,115,116,117,118,119,120,122,124,125,126,128,130,131,132,133,134
1,2,3,4,7,8,9,12,28,31,32,34,47,55,59,85,87,88,90,92,147,149,150,176,186,187,188,193,194,197,209,217,227,244,247,312,387,391,392,394,405,420,514,541,560,580,610,633,637,670,671,672,673,699,704,706,710,793,841,859,862,960
69,81,92,93,97,101,105,108,109,112,114,115,118,121,126,128,130,133,134
1,2,3,5,6,8,110,112,337,606,685,698,706,708,713,846,882,883,900
1,2,10,14,19,20,23,27,30,32,34,39,41,44,46,52,53,54,55,56,57,58,60,63,66,69,70,71,72,74,77,85,86,87,88,90,91,92,94,95,96,97,98,100,102,104,107,108,109,111,112,114,115,116,117,118,120,123,124,125,126,129,130,131,132,133,134
29,39,42,44,61,62,64,65,76,139,157,159,167,169,172,249,306,313,318,321,322,346,360,361,367,369,375,416,423,495,505,527,548,549,550,551,563,565,568,597,600,613,615,625,651,668,675,679,681,689,748,839,892,894,910,925,943,965,982,990,1008,1012,1016,1018,1037,1038,1060
5,7,9,10,15,17,19,20,28,30,38,39,41,43,44,46,49,50,51,52,53,54,55,56,58,59,60,66,68,69,70,71,72,73,74,75,79,82,83,86,90,91,94,95,96,98,100,102,103,104,107,108,110,111,112,114,116,117,118,119,123,124,125,126,130,131,132,133,134
4,6,8,9,12,17,18,20,23,28,45,55,59,61,66,76,90,137,138,160,222,223,244,250,266,277,305,310,314,327,348,359,421,424,609,610,618,644,648,653,676,687,688,695,702,709,710,712,745,747,767,776,798,801,819,848,866,874,959,960,966,972,983,1023,1058,1155,1166,1175,1212
14,21,26,30,40,46,66,68,76,78,79,80,82,85,86,87,90,91,92,97,105,109,112,114,118,121,126,128
14,16,19,61,124,127,128,131,135,138,154,192,194,239,250,253,254,269,270,364,366,376,386,399,405,407,410,421
30,31,40,42,48,57,62,70,75,76,78,80,81,86,88,91,92,96,109,110,113,118,119,121,122,123,126,128,129,133
68,72,82,89,91,99,100,111,128,130,238,288,292,293,294,303,309,438,439,498,538,539,546,548,561,562,589,595,597,715
2,27,33,34,43,64,79,83,90,92,100,101,102,103,104,107,108,117,120,121,123,125,128,129,130,132,134
1,5,12,24,25,28,29,30,37,38,68,69,122,125,127,131,141,145,230,252,254,258,262,298,404,407,617
15,23,24,27,37,40,43,45,69,71,72,77,83,87,88,89,94,96,102,103,104,106,107,108,117,120,124,125,129,130,134
1,2,15,48,63,64,65,66,79,89,91,97,98,101,110,111,113,114,115,116,165,216,264,276,301,417,557,617,619,650,768
5,6,7,28,30,31,37,39,41,46,47,49,50,54,55,57,60,62,67,68,80,81,82,84,85,86,88,90,91,92,93,95,97,100,103,105,106,107,108,110,111,112,113,114,115,116,117,118,121,122,125,126,128,130,132,133
1,3,6,7,8,31,34,43,44,47,60,61,65,67,71,72,83,85,87,92,102,103,115,116,143,219,228,238,287,292,293,294,320,324,325,326,328,331,333,360,363,367,371,404,429,439,440,445,446,491,493,497,509,516,518,541
1,2,10,14,17,19,23,27,34,43,51,56,61,64,69,71,72,73,77,79,83,89,100,101,102,103,104,107,108,109,111,117,120,121,123,124,125,128,129,130,134
5,8,9,20,29,30,34,58,60,66,67,102,104,111,117,182,203,213,227,232,247,290,297,307,310,329,356,391,396,443,448,480,495,611,625,677,736,917,984,1044,1070
4,17,20,24,29,34,37,40,44,45,51,67,69,73,77,87,88,89,96,100,102,104,106,107,108,111,120,123,124,125,129,130,134
3,4,6,7,8,9,34,50,53,56,58,155,156,157,166,176,178,181,192,197,199,211,292,295,296,297,322,352,391,404,414,417,464
13,14,25,50,57,64,65,76,81,84,86,88,89,91,92,93,95,97,101,105,106,109,110,114,115,116,118,121,128,131
17,27,28,29,32,42,53,54,55,63,79,80,81,94,107,113,132,138,143,144,145,146,147,152,248,249,353,361,363,503
10,17,27,32,34,51,61,64,69,71,72,73,75,77,79,83,96,100,101,102,103,104,107,108,109,111,117,120,121,123,124,125,129,130,134
1,7,15,19,31,42,45,54,56,82,84,85,86,125,126,130,131,185,186,207,213,224,255,277,283,309,343,345,348,379,401,419,488,557,567
11,13,18,22,30,33,40,41,42,45,46,48,52,54,56,57,60,62,64,65,67,68,76,78,80,84,85,87,88,92,93,95,96,97,101,104,105,110,113,115,116,118,121,122,128,131,132,133
12,14,16,18,19,20,21,30,43,44,48,50,51,52,53,54,57,64,66,67,70,72,85,94,106,131,271,272,274,278,305,306,359,405,410,413,462,463,585,613,614,653,662,906,942,1044,1045,1080
13,18,22,25,26,30,35,41,42,46,47,48,49,50,53,54,55,56,59,60,61,62,64,65,70,74,75,76,78,80,81,82,84,85,89,92,93,96,97,98,100,101,104,105,109,110,112,113,114,118,121,122,126,128,131,132,133
1,2,12,26,30,36,42,45,50,52,68,87,88,92,99,111,112,118,119,121,141,197,221,226,230,233,239,241,268,277,294,296,301,320,325,330,369,672,675,676,677,701,710,770,772,781,790,952,982,1074,1108,1150,1152,1184,1246,1248,1256
5,11,12,14,18,25,31,33,40,45,46,47,48,55,57,62,64,65,70,72,75,78,79,81,84,85,86,89,91,92,93,96,97,101,103,105,109,110,112,113,115,121,122,128,130,133
3,15,18,19,24,120,216,222,260,280,281,332,333,334,352,394,395,492,493,494,518,567,568,573,593,600,607,612,619,822,823,840,916,918,924,927,945,1026,1028,1084,1086,1105,1321,1372,1376,1380
2,5,12,20,22,23,24,30,34,37,41,48,49,51,52,54,57,60,61,66,70,71,77,81,82,83,85,87,88,89,90,92,93,94,95,96,97,100,101,102,104,107,108,109,111,112,114,115,116,117,118,121,124,125,126,128,129,130,131,132,133,134
2,6,7,9,11,38,41,46,127,133,138,164,169,170,171,212,216,247,248,290,299,315,330,331,334,335,336,338,339,368,370,380,381,382,400,404,408,463,464,496,505,510,644,664,691,703,731,843,857,859,906,948,972,976,1163,1193,1262,1276,1286,1292,1346,1363
6,11,13,17,28,42,57,68,78,80,81,82,85,92,93,96,97,101,105,110,113,115,118,121,122,128,131,132,133
1,3,4,6,8,17,20,22,27,32,34,35,84,88,98,103,116,124,162,165,207,238,261,266,281,291,363,406,666
11,18,21,25,28,31,33,35,38,52,54,57,60,61,62,65,68,71,73,75,78,79,80,81,84,85,90,95,96,97,100,101,107,109,110,113,114,116,118,121,122,126,128,132,133,134
5,7,8,10,16,102,106,114,115,216,219,221,231,240,295,314,317,318,320,428,436,442,447,449,475,476,480,484,485,492,494,497,504,509,514,542,561,566,574,611,742,752,775,780,787,790
6,12,22,24,27,33,34,38,39,43,45,46,48,50,52,55,61,65,66,68,69,71,72,77,79,81,82,83,85,87,89,90,92,93,94,95,96,97,100,101,102,103,105,106,107,108,109,111,112,114,115,116,117,118,121,124,125,126,127,128,129,130,131,132,133,134
1,5,6,11,12,16,25,34,37,38,41,129,143,144,145,147,179,180,181,182,185,192,203,207,208,209,211,213,226,239,241,243,292,363,365,366,369,403,409,423,430,433,456,488,517,550,561,563,612,697,722,723,728,735,851,852,863,1072,1073,1077,1236,1256,1268,1370,1398,1418
5,6,7,12,21,25,26,28,30,33,35,37,39,40,41,42,45,46,47,48,49,50,52,54,55,57,59,60,61,62,66,67,68,69,73,76,77,79,80,81,82,84,85,86,87,88,90,91,92,93,95,96,97,98,100,103,104,105,106,110,112,113,114,115,116,117,118,119,121,122,124,126,128,130,131,132,133,134
4,9,10,13,16,17,60,124,137,145,152,153,156,157,180,186,190,196,197,205,220,221,222,232,283,287,292,334,351,354,358,367,376,383,409,413,416,452,492,518,693,720,727,742,745,757,791,821,869,879,886,962,993,996,1045,1053,1157,1206,1221,1245,1253,1329,1353,1368,1383,1385,1386,1422,1424,1457,1458,1477,1482,1494,1521,1525,1531,1539
1,15,17,27,32,34,43,51,61,63,64,69,71,72,73,77,79,83,94,96,100,101,102,103,104,107,108,109,111,117,120,121,123,124,125,128,129,130,134
1,3,5,80,81,88,96,99,126,127,185,190,222,239,256,270,272,288,289,296,311,313,334,341,360,431,481,500,508,567,569,658,676,751,798,935,1212,1274,1391
7,17,21,22,27,30,32,33,34,37,39,41,43,45,51,52,54,55,56,60,66,67,68,69,70,71,72,73,77,79,81,82,83,85,86,87,88,90,91,92,93,94,95,96,97,100,101,102,103,104,105,106,107,108,109,110,111,112,114,115,116,117,118,119,121,123,124,125,126,128,129,130,131,132,133,134
2,5,8,11,58,61,68,100,142,163,170,172,173,175,181,213,221,228,230,248,263,267,298,300,319,333,351,356,386,390,393,414,415,436,465,466,467,482,495,508,573,574,611,612,618,653,667,720,728,737,778,779,799,909,958,960,992,1085,1146,1151,1160,1169,1236,1237,1272,1277,1320,1378,1398,1801,1845,1864,1872,1877,1929,2023
2,4,5,7,10,16,20,21,23,24,27,29,30,32,34,35,38,39,41,43,46,49,51,53,54,55,58,60,66,70,71,74,75,76,79,82,86,90,91,94,95,98,99,101,102,104,105,107,108,109,112,114,116,117,118,119,120,121,123,124,125,126,128,129,130,131,132,133,134
1,5,22,27,29,35,45,46,47,53,61,64,65,70,72,82,148,149,166,167,215,234,238,337,338,367,368,427,515,555,561,592,593,597,599,660,667,671,721,722,727,886,887,893,900,910,912,917,918,925,1213,1378,1394,1396,1429,1438,1443,1445,1469,1477,1479,2273,2274,2280,2293,2580,2611,2756,2822
0,2,5,10,20,21,28,34,35,38,46,49,52,53,55,58,60,66,69,70,71,72,74,77,82,83,86,89,91,95,96,100,101,102,104,107,108,110,112,114,116,117,118,119,120,125,126,127,129,130,131,132,133,134
1,2,12,13,16,18,21,22,23,26,27,46,85,115,117,142,145,240,241,245,248,278,424,430,451,452,461,466,496,515,516,521,523,540,541,555,557,560,889,1097,1109,1110,1313,1316,1329,1335,1597,1602,1603,1630,2237,2247,2498,2601
11,12,13,23,25,31,33,35,37,41,46,48,55,57,61,62,65,73,75,80,81,82,84,86,88,90,92,93,94,96,97,100,101,105,107,108,109,110,112,113,114,115,119,121,122,125,128,130
1,3,34,35,54,153,165,166,172,176,177,178,187,191,193,222,535,563,576,580,600,612,635,639,640,666,697,702,704,705,746,755,761,764,769,770,773,783,784,887,889,892,894,916,1023,1025,1039,1043
11,40,55,60,65,66,72,73,76,80,81,82,91,93,96,101,105,109,113,118,119,121,122,126,131,133,134
2,17,25,26,99,100,115,126,203,204,240,248,262,273,274,295,312,321,322,324,345,374,387,392,395,396,397
6,7,12,13,14,18,22,25,28,30,33,37,41,42,47,49,54,55,60,61,62,66,68,70,73,75,80,82,85,86,88,89,90,91,92,93,95,96,97,100,101,104,105,109,110,112,113,114,115,116,118,121,122,126,128,131,132,133
24,26,27,28,29,39,43,54,56,81,87,149,150,151,182,183,192,193,195,213,270,271,287,293,294,295,306,317,397,398,399,401,418,425,452,467,477,496,508,537,543,550,567,573,578,595,912,960,972,987,1050,1052,1077,1081,1111,1230,1243,1260
0,7,10,16,21,23,27,37,38,39,41,46,50,51,52,54,55,56,59,60,66,67,68,69,70,75,76,82,83,86,87,88,90,91,92,94,95,96,97,98,100,103,106,107,108,111,112,114,115,116,117,119,120,123,124,125,126,129,130,132,133,134
1,84,85,87,103,107,108,131,133,139,151,159,165,167,168,172,178,180,225,226,294,304,312,313,315,319,322,367,369,395,520,629,633,680,688,696,744,769,775,946,952,953,1027,1033,1036,1040,1108,1468,1481,1572,1579,1667,1668,1673,1710,1712,2000,2043,2057,2087,2091,2098
19,33,39,41,43,46,55,66,81,82,86,87,88,91,95,96,98,100,103,104,107,108,112,114,115,116,117,119,126,130,132,134
1,2,6,131,134,145,161,185,187,214,255,268,270,394,400,401,413,426,440,445,449,450,467,497,498,503,507,626,684,700,702,718
6,13,14,25,40,57,62,64,75,77,81,82,85,86,87,91,93,96,97,101,105,108,109,112,113,114,115,116,117,121,122,124,126,128
13,22,43,48,55,60,68,80,92,93,95,137,138,157,159,170,171,188,190,195,199,200,201,202,236,237,245,246,247,288,289,293,298,321
9,17,20,23,24,34,43,69,72,73,77,79,89,96,100,102,103,104,107,111,117,123,124,125,129,130,134
1,3,9,18,24,39,60,78,79,83,85,86,199,252,260,289,390,403,411,646,654,766,806,1022,1025,1044,1046
6,21,25,26,28,30,35,37,39,41,42,48,49,54,55,57,61,65,66,67,68,70,73,75,76,77,79,80,81,82,83,84,85,86,90,91,92,93,95,96,97,98,100,101,105,106,107,108,109,110,113,115,117,119,121,122,125,126,128,130
1,5,9,118,183,186,188,205,245,248,260,263,264,268,276,277,280,322,327,333,342,343,421,538,599,603,623,654,685,735,736,737,740,752,766,781,791,818,819,824,828,832,848,855,858,916,923,924,938,1104,1118,1125,1126,1225,1233,1318,1322,1359,1389,1393
21,41,46,64,66,86,87,91,95,98,100,112,114,116,119,124,126,130,134
12,13,48,56,57,138,140,208,209,307,308,394,464,471,509,516,518,608,695
