dy,op,et,nk,zo,lk,am,tk,ne,em,ty,kl,il,ud,oz,nd,pr,je,ub,ed,ej,io,bu,ob,yc,om,ot,br,ls,be,mo,dr,od,ab,sa,zc,rc,go,tr,wo,po,do,gr,rs,zu,lu,kr,de,ho,ru,es,te,en,ys,is,uc,bo,no,ul,aj,uk,ad,ha,at,aw,to,zk,bi,oc,ja,ur,pi,ry,da,pa,ga,ku,na,us,dz,on,yk,ci,mi,re,yn,lo,ta,st,wa,ik,ba,zi,os,li,si,ol,ac,or,el,ec,ck,in,le,ma,ia,ro,rz,za,as,ni,an,ze,ka,ra,er,al,ns,ek,ew,zy,ak,ar,ch,ic,la,wi,sz,ko,ow,ws,ie,cz,sk,ki
0,1,2,4,5,6,7,8,10,11,12,13,14,16,17,18,20,22,23,25,26,27,28,29,30,31,32,33,34,36,37,38,39,40,41,42,43,44,45,46,47,48,49,50,51,52,54,55,56,57,58,60,61,62,63,65,66,67,68,69,70,71,72,73,74,75,76,77,78,79,80,82,83,84,86,87,88,89,91,92,93,94,95,96,97,98,99,100,102,103,104,106,107,108,109,110,111,112,113,114,115,116,118,119,120,121,122,123,124,125,126,127,128,129,130,132,133,134
103,130,131,154,171,181,189,212,279,492,502,503,520,739,857,861,863,1075,1111,1117,1134,1333,1337,1482,1653,1798,1811,1822,2024,2028,2252,2385,2625,2945,3106,3473,3488,3539,3682,4019,4135,4200,4298,4299,4352,4355,4358,4370,4625,4721,4748,4749,4784,4933,4935,5057,5061,5237,5271,5652,5677,6012,6133,6264,6681,6971,7448,7606,7618,7792,7798,8028,8363,8473,8553,8654,9101,9433,9820,9932,10015,10154,10348,10447,10449,10506,10516,10518,10522,10717,11364,11570,11632,11896,11900,12059,12148,12222,12683,12893,12904,12929,12933,12937,13011,13015,13044,13357,13359,13601,13884,14512,15287,15307,15314,15539,15723,15882
0,1,2,3,4,5,6,7,9,10,11,12,13,14,15,16,17,18,19,20,21,23,24,25,26,27,29,30,31,32,33,34,36,37,38,39,41,43,46,47,50,52,53,54,55,56,57,58,59,60,61,62,63,64,65,66,67,68,69,70,71,72,73,74,75,77,78,79,80,81,82,85,86,87,88,89,90,91,92,93,94,95,96,97,98,99,100,101,102,103,104,105,106,107,108,109,110,111,112,113,114,115,116,117,118,119,120,121,122,123,124,125,126,127,128,129,130,132,133,134
14,28,47,64,66,73,82,86,88,105,108,122,127,135,139,144,145,156,158,230,258,263,281,288,351,355,358,361,366,368,384,448,460,463,477,478,496,505,519,524,550,614,697,754,769,771,792,818,936,1307,1325,1420,1509,1522,1538,1549,1550,1564,1615,1641,1656,1669,1922,1995,2150,2374,2542,2568,2768,3324,3325,3399,3496,3738,3770,3887,4484,4624,4635,4745,4747,4751,4827,4841,4941,5189,5395,5400,5466,5467,5520,5594,5617,5788,5888,6130,6133,6363,6367,7039,7357,7722,7866,7872,9131,9135,9159,10460,10535,10904,10922,11492,11498,11749,12079,12084,12087,13243,13272,19037
0,7,8,15,22,29,30,34,36,37,38,41,43,47,56,57,67,69,73,75,76,77,80,83,84,86,87,89,91,94,95,101,103,104,110,113,114,117,123,125,127,128,132,133,134
3,5,7,8,9,11,13,14,15,17,18,19,20,22,24,25,31,35,37,42,43,53,54,55,56,58,59,60,69,70,71,72,75,83,87,98,101,114,122,129,137,140,147,149,151
12,14,21,24,26,49,52,53,54,55,63,68,74,78,82,84,86,87,90,96,97,98,99,100,102,103,105,106,107,109,110,111,113,114,115,116,118,122,124,125,128,129,131,132,133,134
2,3,5,8,10,11,12,14,16,17,24,25,26,28,30,31,32,33,39,51,62,70,76,80,90,91,94,96,97,99,101,105,109,112,121,130,143,146,150,151,156,162,183,195,196,198
7,18,49,50,51,68,70,72,76,77,78,80,84,86,93,94,97,99,100,103,104,106,107,110,111,112,113,114,115,116,118,121,122,123,125,128,129,134
1,2,20,21,22,24,25,33,34,37,38,41,43,44,46,52,53,60,62,65,69,75,86,89,93,94,105,123,132,134,145,147,149,150,154,169,178,184
13,54,78,93,96,99,102,103,109,111,115,116,122,129,131
1,3,5,7,9,13,14,16,17,18,19,21,22,78,134
3,4,7,8,29,31,36,40,42,43,45,51,71,72,73,74,75,77,82,83,84,87,88,89,94,95,103,104,106,108,113,114,123,125,126,130,133
7,9,11,14,15,17,19,22,24,26,27,29,31,32,34,35,38,41,43,45,49,52,61,65,66,67,75,76,79,80,82,83,91,97,104,146,151
1,26,78,80,93,96,97,102,111,129,131
1,2,8,9,13,14,15,16,17,93,118
2,4,13,21,22,26,27,29,32,52,53,55,56,58,59,63,68,72,74,78,79,80,81,90,93,96,97,98,99,100,102,105,106,108,109,111,112,113,114,115,118,121,122,123,124,125,128,129,131,132,133,134
1,2,3,8,10,13,22,24,25,27,33,34,43,52,53,54,56,57,61,65,66,73,74,77,78,82,83,88,91,95,101,107,121,123,128,132,133,136,138,147,154,156,162,163,164,165,168,178,190,201,207,208
1,68,93,97,111,129,131
1,2,3,7,9,105,139
0,5,7,18,28,38,43,45,49,75,79,87,88,101,106,113,114,125,132,133
1,2,3,4,6,8,11,12,13,14,16,20,25,51,52,54,56,57,63,64
2,21,26,27,29,40,52,54,56,67,71,74,77,78,86,88,90,91,94,99,100,102,103,105,108,109,110,111,113,114,115,116,118,121,122,124,125,128,131,132,133,134
2,6,7,12,18,19,24,26,35,46,56,62,63,64,65,66,67,90,92,93,96,104,106,119,122,123,128,137,138,140,141,142,146,148,149,151,154,162,184,198,212,213
5,7,8,11,17,22,28,29,30,36,39,43,45,56,57,65,69,71,73,74,75,77,83,86,91,94,95,101,103,104,108,109,110,112,113,114,117,123,125,127,128,132,133,134
6,7,9,10,12,18,20,21,23,25,27,28,30,33,42,43,50,52,53,54,57,62,65,67,68,72,82,83,88,90,91,92,103,104,118,132,150,155,166,180,181,188,190,191
1,6,9,13,14,18,19,20,23,32,33,50,52,53,54,55,59,60,61,63,64,68,78,80,81,90,93,97,98,100,102,109,115,118,119,121,122,124
3,10,15,16,17,18,19,24,27,33,34,41,43,47,54,66,68,71,74,78,81,87,93,97,98,101,117,121,123,132,147,158,160,164,169,172,181,186
6,8,14,20,26,32,37,47,52,54,60,61,63,64,68,69,75,76,78,80,81,86,90,93,98,100,102,103,104,105,109,110,111,113,115,118,119,121,122,123,124,128,129,132,133,134
1,3,4,6,7,8,10,13,14,18,22,23,25,27,31,35,36,37,41,42,43,44,47,52,53,57,66,70,73,78,85,88,94,102,103,107,122,126,137,138,143,157,172,194,203,207
4,8,23,24,25,52,53,57,58,59,60,64,66,73,77,78,81,84,85,86,89,92,94,96,97,99,100,103,105,106,109,110,111,112,113,114,115,116,118,119,120,121,122,125,126,128,129,132,134
1,2,3,6,7,9,10,11,13,15,16,17,20,21,23,24,30,31,34,39,40,85,88,92,93,101,103,104,105,106,111,127,128,129,135,138,145,152,162,163,168,175,180,189,198,206,214,215,219
8,18,20,21,24,31,39,40,41,45,47,52,55,56,57,59,67,73,74,75,77,78,79,80,81,83,85,86,89,90,94,96,97,98,100,102,104,105,110,111,115,116,118,119,121,122,124,125,128,129,131,134
1,7,9,12,14,19,20,21,26,27,31,33,35,36,37,38,40,48,49,55,60,61,84,86,87,89,98,100,103,109,113,115,120,122,123,131,133,142,164,166,169,172,182,185,189,196,200,203,206,211,221,222
6,7,8,20,24,25,49,53,55,58,63,66,70,72,81,84,92,93,97,98,99,100,102,103,106,107,108,109,112,114,115,116,118,121,122,125,128,129
1,2,3,5,6,7,17,23,24,27,28,30,34,46,53,61,79,81,82,85,97,103,104,105,115,124,125,128,131,141,185,188,195,200,208,209,210,216
2,4,12,13,19,20,23,24,25,26,33,50,52,53,55,59,61,63,64,68,78,80,81,85,93,97,98,102,108,109,111,112,116,118,119,120,129,131
3,4,5,6,11,12,13,16,17,23,24,26,27,35,43,45,48,49,56,73,92,96,97,102,110,115,116,117,122,127,130,163,165,167,168,236,243,244
0,3,4,8,15,28,31,36,39,43,44,49,79,83,84,86,88,92,94,95,101,103,106,107,108,112,113,114,120,123,126,127,128,130,132,133,134
1,2,3,4,7,8,48,51,53,55,56,57,58,62,64,66,67,76,78,85,98,102,107,113,114,115,116,117,119,121,132,134,135,198,201,202,203
24,25,26,53,54,58,59,63,68,72,73,78,79,80,90,91,93,94,95,97,99,100,102,105,106,107,109,111,113,114,115,116,118,121,122,124,127,128,129,131,132,133
2,3,4,5,22,23,27,28,30,31,32,33,34,37,46,47,49,50,51,59,66,70,84,93,95,96,113,121,125,127,150,160,170,176,181,191,192,196,212,224,230,239
1,7,23,26,39,49,50,52,53,57,66,72,77,80,81,84,85,86,91,92,93,94,98,99,103,106,107,108,110,112,113,114,115,118,121,125,126,128,129,132,134
1,2,3,4,8,14,15,16,17,19,24,38,46,47,54,57,63,64,67,131,133,140,153,156,159,172,182,184,187,188,191,208,216,220,222,228,229,233,239,240,242
0,8,30,39,47,52,57,60,61,73,77,79,80,94,104,106,108,109,110,113,115,118,119,121,122,127,128,129,132,133
3,6,7,8,9,10,13,24,25,31,37,38,39,40,48,49,50,52,56,59,62,68,98,109,112,116,138,143,172,184
3,5,7,8,27,29,36,38,41,43,47,49,51,57,73,74,77,84,86,87,88,91,94,95,103,104,106,107,114,123,125,126,127,130,132,133
11,20,23,31,34,36,37,46,49,53,54,57,60,63,65,66,68,76,82,83,84,86,87,88,107,108,116,117,126,140,149,150,155,172,173,174
0,5,7,10,17,22,28,29,31,36,38,43,44,47,65,69,72,73,75,79,82,84,87,91,94,95,101,103,107,108,110,112,113,114,117,123,125,127,128,132,133
3,8,10,11,12,13,17,18,19,30,33,40,41,43,44,55,57,65,75,91,93,96,97,100,103,104,111,114,122,125,127,128,130,147,148,167,187,198,204,210,214
12,13,14,20,26,32,45,49,50,53,54,55,58,59,60,68,69,70,72,73,77,78,80,84,86,88,90,93,94,96,97,98,99,100,102,103,105,106,107,108,109,110,111,113,114,115,116,118,121,122,124,125,127,128,129,131,132,133,134
2,3,5,6,12,18,19,23,25,26,37,42,43,45,46,52,53,54,59,60,61,66,68,71,75,77,81,85,86,95,102,107,116,119,129,130,133,150,163,164,171,175,179,180,184,197,201,209,217,220,223,224,226,234,236,270,275,276,279
4,8,21,25,33,44,48,54,59,60,62,66,80,81,94,100,102,104,105,108,112,113,115,118,120,121,124,128,131,134
1,2,3,4,5,6,30,33,35,36,54,81,82,84,85,86,91,92,98,104,121,123,125,127,138,140,141,142,143,207
12,13,20,21,26,27,29,32,34,40,52,53,54,56,58,59,61,63,67,70,74,80,81,88,90,91,92,93,95,96,97,98,99,100,102,105,108,109,110,111,113,114,115,116,118,121,122,124,128,129,131,132,133,134
2,3,4,5,7,8,13,14,15,17,20,22,24,26,31,32,38,39,42,44,48,54,55,56,59,62,63,66,67,70,71,80,83,87,111,122,127,153,155,183,188,189,193,201,208,209,219,225,231,233,243,253,284,286
9,24,25,51,53,55,58,64,65,68,70,72,77,78,80,81,84,85,86,87,89,93,94,96,97,98,99,100,103,106,107,109,110,111,113,114,115,116,118,119,121,122,125,126,128,129,132,134
1,2,4,5,6,8,13,14,15,23,24,26,29,31,33,35,38,40,43,44,46,47,49,50,51,54,55,57,61,64,68,75,87,88,98,100,111,113,132,133,136,145,149,153,168,180,181,182
4,6,9,13,14,20,24,25,32,44,50,52,53,55,58,59,60,63,64,68,73,78,80,81,85,93,96,97,99,100,108,109,111,112,116,118,119,120,121,124,129,131
8,16,18,29,39,40,53,58,72,81,83,85,95,99,100,104,105,112,114,122,124,131,157,161,168,180,183,192,193,196,199,203,216,234,236,238,241,259,264,266,284,285
4,6,8,35,65,108,110,112,120,134
5,6,7,8,9,14,15,16,19,337
0,3,5,7,8,15,28,29,31,36,43,44,49,73,76,79,84,86,87,88,91,94,101,103,108,110,113,114,115,117,125,127,132,133,134
2,4,7,9,12,18,24,27,28,31,41,42,44,47,48,51,68,69,71,73,75,79,97,98,99,100,101,110,111,112,116,120,124,126,128
3,4,5,7,8,10,17,28,30,31,34,36,37,43,45,46,47,51,57,65,72,73,75,77,79,82,84,86,87,88,94,95,101,103,106,107,110,112,114,117,123,125,126,127,128,130,132,133,134
1,3,6,8,11,17,19,21,22,28,31,34,35,40,43,47,51,52,54,56,61,62,63,64,66,67,73,76,78,81,90,99,101,109,115,118,126,128,141,143,156,172,194,199,201,229,242,249,250
1,6,14,20,23,24,32,33,50,52,53,55,58,60,61,63,64,68,75,78,80,81,85,89,93,97,99,100,105,108,109,111,112,116,118,119,120,121,124,126,128,129
2,3,22,29,43,60,61,71,75,76,97,101,102,103,104,110,113,114,115,127,133,136,137,138,145,152,156,157,159,167,179,180,205,209,211,223,239,248,249,250,251,273
4,9,14,18,19,20,23,24,39,40,47,48,50,52,53,55,58,59,62,64,66,67,70,75,77,78,80,81,85,86,88,92,93,94,95,96,97,98,99,100,103,106,107,108,110,111,112,113,114,115,116,118,119,120,121,122,125,128,129,132,133,134
3,6,7,8,9,10,12,13,14,15,16,17,18,19,21,24,26,27,28,32,47,48,53,55,57,59,61,63,69,72,76,141,143,145,151,161,164,174,178,184,191,195,202,203,217,218,222,226,231,234,235,243,244,246,251,264,271,283,302,304,305,311
0,5,13,14,19,21,26,49,52,54,55,57,58,59,63,64,68,69,70,72,73,78,80,86,90,92,93,94,96,97,98,99,100,102,103,105,106,108,109,110,111,113,114,115,116,118,121,122,124,125,127,128,129,131,132,133,134
1,2,6,7,11,12,13,14,16,30,33,34,37,40,46,48,49,51,55,64,66,72,74,82,89,90,94,96,97,100,109,116,118,137,141,162,171,172,182,183,192,197,211,220,230,239,243,250,261,264,265,269,282,290,302,311,314
0,3,5,7,8,15,17,22,28,29,30,34,36,40,41,43,45,47,51,57,65,67,69,71,73,74,75,79,83,84,86,89,91,94,95,101,103,106,107,110,114,123,125,126,128,132,134
1,4,6,7,9,17,20,21,26,27,36,38,44,45,52,56,57,61,62,63,65,66,68,70,73,75,79,88,91,96,97,99,104,107,113,115,120,122,130,131,137,140,167,171,179,185,187
4,21,44,48,62,66,102,108,112,120
11,12,53,56,59,65,67,139,206,345
4,21,44,48,54,55,58,62,69,80,85,90,96,102,105,108,112,119,120,124
5,6,35,38,42,43,44,62,65,66,67,72,73,90,95,136,156,159,331,332
0,5,7,8,15,30,36,37,39,40,41,43,45,47,49,51,57,65,72,73,75,79,81,84,86,87,88,90,92,94,95,101,103,104,106,107,108,114,117,123,125,126,127,130,132,133
1,3,4,7,10,13,23,29,30,31,33,35,42,43,44,45,47,50,57,65,66,83,84,88,99,101,105,106,108,121,124,132,149,151,158,183,185,193,196,197,217,220,239,284,285,287
1,2,4,6,9,14,18,19,23,24,25,33,35,44,52,53,55,58,59,60,61,63,64,66,68,78,80,81,85,89,93,96,97,99,100,108,109,111,112,116,118,119,120,121,124,128,129
1,3,8,10,12,13,14,15,16,25,28,31,34,36,38,42,47,49,50,56,58,60,67,69,82,107,112,127,130,131,133,134,148,151,152,173,191,192,243,244,248,249,273,281,284,286,302
0,3,5,7,8,17,28,34,36,40,41,42,43,47,49,56,57,67,69,72,73,79,82,83,84,86,87,88,89,92,94,95,101,102,103,106,107,110,113,114,117,123,125,126,127,130,132,133,134
2,5,9,12,14,20,28,31,34,35,36,37,45,46,47,48,49,50,57,59,66,70,74,75,83,104,107,108,113,115,121,128,129,130,134,150,156,159,160,168,171,179,189,190,205,209,211,213,214
0,4,5,8,10,15,16,28,30,31,34,36,37,38,40,41,42,43,45,46,47,49,51,56,65,69,71,72,73,74,75,76,77,79,82,83,84,86,87,88,89,92,94,95,101,103,104,106,107,108,110,113,114,120,123,125,126,127,128,130,132,133
1,3,4,5,8,13,15,25,26,29,30,33,38,42,45,51,53,56,60,66,70,72,80,81,92,94,110,111,113,116,117,118,120,122,125,129,139,150,156,161,167,168,182,183,185,199,201,210,214,216,230,231,239,240,247,264,279,282,286,298,301,302
5,8,15,17,27,28,29,30,36,43,49,56,57,67,69,71,72,74,77,83,84,86,87,89,91,94,101,103,104,106,110,112,114,115,117,123,125,126,127,130,132,133,134
1,2,3,4,26,33,34,39,48,52,57,59,60,67,68,70,72,73,77,93,95,98,99,100,108,113,114,122,141,167,169,170,176,177,178,185,194,216,222,301,302,303,304
2,4,6,9,13,18,19,23,24,25,26,32,33,47,50,52,53,55,58,59,61,63,68,78,80,81,85,93,96,97,99,100,108,109,111,112,116,119,120,129
2,5,8,9,18,25,28,36,49,61,68,90,126,127,129,132,138,142,143,154,167,168,189,198,208,210,215,226,228,236,241,244,251,255,262,333,342,343,367,370
4,7,35,44,51,57,60,66,80,82,102,108,112,120,121,123,134
2,3,10,12,15,16,17,18,20,22,23,32,42,43,44,45,394
5,7,16,27,28,29,30,31,36,46,47,49,51,56,65,67,72,73,74,75,82,83,84,87,88,91,92,94,95,101,103,104,106,113,114,117,120,123,125,127,128,132,133,134
1,5,9,12,14,28,29,31,33,34,35,36,38,42,44,48,49,50,53,57,58,64,71,75,81,96,97,104,105,108,112,115,119,123,146,147,148,171,182,186,188,191,195,197
0,7,10,15,29,31,34,37,38,41,47,51,56,65,67,71,73,74,75,79,82,87,91,92,94,95,101,103,104,108,110,112,113,114,117,120,123,125,127,128,132,133,134
2,5,7,8,16,17,24,34,35,36,38,43,56,63,78,84,88,92,104,106,111,112,129,132,133,139,148,150,151,157,158,162,181,184,185,188,220,221,255,262,286,295,300
1,2,4,6,9,20,23,24,25,26,32,33,35,52,53,55,58,59,60,63,64,68,78,80,81,85,93,96,97,100,108,109,111,112,116,118,120,121,129,131
9,20,24,30,34,35,45,50,53,55,56,59,60,62,93,98,99,108,111,112,121,129,142,143,144,147,151,153,155,163,172,198,201,232,235,236,324,332,337,338
3,5,7,8,15,17,27,28,29,43,45,47,49,56,67,69,72,73,74,75,78,83,84,88,89,91,94,101,103,104,106,110,113,114,117,123,125,127,128,130,133,134
3,9,12,13,14,16,18,24,27,40,42,43,45,48,52,55,57,58,59,62,64,67,92,94,95,96,98,133,139,141,145,147,148,164,166,167,175,179,180,182,184,185
0,3,5,17,28,30,41,43,45,47,49,56,57,69,71,72,73,74,79,82,83,84,86,87,89,94,95,101,102,103,104,106,107,110,114,117,123,125,126,127,130,132
3,4,5,6,9,11,19,23,28,29,30,31,32,35,36,37,42,43,48,52,59,62,70,76,82,85,86,100,102,118,121,138,142,143,154,159,164,171,225,229,344,345
0,3,5,7,10,15,28,29,34,40,41,47,51,57,65,66,67,71,73,74,75,79,82,83,84,87,88,91,92,94,95,101,103,104,108,112,113,114,117,120,123,125,127,128,132,133,134
2,3,5,8,11,12,15,17,23,24,29,33,34,38,39,40,46,52,57,61,74,85,88,95,96,100,103,111,113,116,143,151,154,156,159,164,168,171,172,178,206,211,272,273,283,289,290
4,7,8,21,34,35,38,40,44,45,51,54,57,65,66,69,77,81,82,86,87,90,94,96,99,102,103,105,108,110,111,112,113,118,120,121,122,124,125,126,128,129,131,134
8,11,13,27,29,70,76,79,85,88,93,94,96,100,136,137,142,144,149,150,154,161,167,171,172,186,190,204,213,239,240,261,265,271,282,284,286,293,304,305,311,312,323,349
3,5,7,8,11,15,17,28,29,32,36,40,43,45,49,51,69,71,72,74,75,78,82,83,84,94,95,101,102,103,106,107,108,114,120,123,124,125,126,127,130,132,133,134
4,6,7,8,10,12,13,19,21,25,29,30,37,38,39,41,43,45,47,52,54,55,56,57,71,75,76,101,105,110,112,113,114,130,131,133,134,148,151,152,153,160,162,166
0,7,10,19,21,29,31,37,41,47,50,51,53,54,59,63,65,73,75,76,77,79,82,87,90,91,95,98,99,101,105,108,110,112,113,115,116,118,122,123,124,127,128,129,131,132,133,134
4,7,8,9,13,16,26,27,32,62,63,68,69,76,77,78,83,112,115,116,117,125,129,135,137,138,139,140,141,145,170,171,181,185,196,198,199,207,216,217,222,223,242,243,277,286,299,306
4,7,10,11,21,26,35,38,44,51,55,65,66,68,71,80,82,86,87,90,94,102,103,105,108,112,113,118,119,120,121,122,125,128,129,131,134
7,10,12,13,15,16,41,47,49,56,57,59,98,102,104,106,107,117,123,132,137,141,142,166,176,201,206,213,215,241,248,249,253,262,264,273,289
4,8,10,21,35,38,44,46,51,58,65,66,76,80,82,86,87,90,94,99,102,103,105,108,110,111,112,113,115,116,118,119,120,121,122,123,124,125,128,129,131,134
3,5,6,10,36,37,39,41,49,50,54,71,75,77,79,87,98,100,101,102,106,107,122,127,136,137,193,195,197,198,203,205,219,224,230,232,233,244,256,262,282,295
8,12,21,33,35,44,48,59,62,66,77,80,81,83,89,90,102,104,105,108,112,113,116,118,119,120,122,128,131,134
1,2,4,6,7,10,55,56,124,144,145,146,148,149,150,152,159,160,167,173,190,192,194,196,198,219,220,224,231,272
0,3,7,8,11,15,17,22,27,28,29,34,36,41,43,47,49,56,57,65,66,67,69,72,73,75,76,77,79,82,84,86,87,88,91,94,95,101,102,103,106,107,108,110,112,114,117,120,123,125,126,127,128,130,132,133
2,4,5,6,7,13,14,15,21,22,26,28,35,36,62,64,72,75,76,77,78,80,89,106,112,117,118,122,131,139,149,150,152,153,155,160,163,169,171,179,203,212,213,221,224,232,234,236,252,256,275,285,286,330,338,339
2,17,29,34,37,39,40,42,47,57,67,71,74,75,82,84,87,88,89,95,101,102,106,107,110,112,114,120,123,126,127,130,132,133
1,4,5,9,10,36,37,38,39,40,43,45,47,60,61,62,65,67,81,84,87,88,89,90,91,93,95,96,106,190,199,378,379,384
2,6,7,9,10,20,27,32,50,52,54,56,60,63,64,65,67,69,71,72,74,75,78,80,87,90,91,97,100,102,103,104,105,108,109,110,111,113,118,119,120,121,122,123,124,126,128,129,132,133,134
2,3,4,5,6,13,15,16,19,21,27,28,29,32,43,44,47,48,49,50,51,52,54,55,56,74,78,82,92,109,110,112,114,115,126,127,134,147,150,177,178,201,210,211,220,221,232,238,254,311,312
2,7,8,10,29,30,41,46,47,50,51,57,60,61,65,68,73,76,77,79,80,86,87,88,89,93,97,98,100,103,104,106,108,109,110,111,112,113,115,118,119,121,123,127,128,129,132,133,134
1,2,5,6,8,11,19,20,34,35,37,42,44,45,46,48,80,81,86,94,95,99,101,103,104,106,110,118,128,129,132,133,135,136,139,140,142,150,170,184,212,219,232,240,264,273,296,307,310
25,34,55,58,59,63,64,70,89,93,94,95,97,103,106,109,111,116,122,125,127,129,131
1,2,4,7,8,10,14,15,16,17,18,19,24,27,29,44,45,51,52,54,56,77,99
2,6,7,9,20,23,24,25,37,39,45,52,53,55,57,58,59,60,64,66,68,70,72,78,80,81,85,86,89,92,93,94,96,97,98,99,100,103,105,106,107,108,109,110,111,112,113,114,115,116,118,119,120,121,122,125,126,128,129,132,134
1,24,25,26,35,36,38,47,48,50,53,54,60,64,65,68,76,77,79,95,99,110,115,117,121,126,129,149,151,216,222,226,232,243,245,251,262,264,265,271,276,280,291,296,298,299,309,314,327,336,355,357,361,364,365,369,370,387,412,417,422
3,5,8,10,15,17,22,27,28,29,30,31,36,40,43,45,49,56,57,60,67,69,72,73,77,78,79,82,83,84,86,87,89,91,94,95,101,102,103,107,109,110,114,117,123,125,130,132,133
4,8,12,13,16,20,21,27,46,53,54,58,68,70,80,92,95,99,104,105,110,111,113,118,121,123,125,127,129,140,145,146,148,152,163,166,173,174,184,196,198,201,223,233,237,268,269,287,288
6,8,20,24,52,53,58,59,60,64,68,70,77,78,80,81,85,86,87,89,93,96,97,98,99,100,103,105,106,107,109,110,111,113,114,115,116,118,121,122,125,126,128,129,132,134
1,2,13,15,17,31,38,46,47,48,51,53,55,79,85,91,101,106,107,109,118,123,127,138,144,149,150,151,154,159,160,163,172,187,194,209,214,233,234,247,253,259,292,327,332,340
12,19,20,21,26,32,45,49,50,52,54,58,59,61,63,68,72,73,77,79,84,86,90,93,94,96,97,98,99,100,102,103,105,106,107,110,113,114,115,116,118,121,122,124,125,127,128,129,131,132,133
3,5,6,9,10,14,22,23,24,27,34,37,38,43,44,45,60,62,63,65,68,77,86,87,105,107,109,122,137,144,166,170,185,197,223,228,241,244,247,261,270,271,279,291,298,300,303,307,327,342,434
3,5,7,11,15,17,27,28,29,30,36,37,40,41,43,49,56,57,67,69,71,72,74,75,79,83,84,86,87,88,89,94,95,101,102,103,104,106,107,110,112,113,114,117,123,125,126,127,128,130,132
1,2,3,4,7,9,10,11,13,14,17,18,27,32,38,40,45,46,52,54,55,58,60,61,62,67,72,75,76,77,80,84,98,105,106,107,132,138,143,152,153,161,166,168,182,193,227,254,256,367,379
1,12,13,32,63,70,89,93,96,116,122,125,129,131
4,5,8,11,13,15,16,18,20,22,25,29,155,246
2,3,4,5,8,15,19,20,28,29,32,34,37,41,47,50,52,55,57,60,61,63,65,67,69,72,73,75,77,79,82,84,86,92,94,95,97,98,99,100,101,103,109,110,111,112,115,116,117,119,121,122,123,125,127,128,129,132,133
1,3,4,5,6,10,20,23,27,28,30,32,34,35,36,55,77,78,82,83,86,90,91,92,98,99,102,104,108,110,111,112,113,114,117,121,122,125,163,185,220,224,227,237,248,249,281,315,370,373,387,392,401,402,432,435,436,449,452
4,8,9,21,26,44,48,54,58,59,62,66,69,70,77,80,81,86,90,96,99,102,103,105,108,111,112,115,116,118,120,122,124,125,126,128,131,134
6,7,8,9,10,13,70,71,73,75,139,157,158,160,161,164,166,167,174,175,178,196,197,205,217,218,238,239,241,248,273,274,275,278,281,286,301,376
3,4,5,7,8,15,17,28,34,36,37,39,41,43,46,47,49,57,72,73,76,77,82,83,84,86,87,88,89,95,101,103,104,106,107,110,113,114,117,123,125,126,127,128,130,132,133,134
11,12,14,16,24,28,29,31,32,40,43,49,50,56,57,58,60,82,85,87,105,112,113,116,121,126,128,134,136,158,163,164,165,187,203,222,224,230,239,259,260,266,286,291,292,299,313,323
0,1,6,10,20,25,32,34,37,41,42,47,51,53,57,58,59,60,61,63,64,65,67,71,73,74,75,76,77,78,79,80,81,83,85,86,87,91,93,94,96,97,100,103,104,105,108,109,110,111,112,113,116,118,119,120,121,122,123,125,126,127,128,129,132,133,134
5,6,8,9,11,12,13,15,17,18,19,25,26,32,33,34,38,39,40,44,59,60,64,72,83,85,95,96,99,101,111,113,115,116,117,119,124,143,147,151,152,157,161,168,187,190,204,224,228,239,246,256,263,287,289,317,326,327,334,339,340,342,359,373,407,432,441
2,3,4,5,8,15,16,17,19,20,26,28,34,37,39,40,44,47,50,51,52,57,60,63,68,69,72,75,76,77,80,84,86,87,88,93,94,95,96,98,99,100,101,103,106,109,111,112,115,116,117,118,119,121,122,123,125,126,127,128,132,133
59,64,65,69,70,77,78,81,82,86,95,97,103,104,111,112,113,114,130,132,146,147,153,157,158,161,162,164,171,174,180,181,184,187,188,192,200,201,205,210,248,296,303,306,307,320,326,327,362,366,421,439,448,458,461,468,480,481,495,499,501,510
3,5,7,8,15,17,22,28,29,30,31,34,37,41,45,47,51,56,57,65,67,69,71,73,75,76,77,79,82,83,86,87,88,89,91,92,94,95,99,101,103,104,108,110,112,113,117,123,125,127,128,132,133
4,7,12,13,17,19,26,30,31,32,38,42,51,52,55,57,61,62,67,69,73,79,82,84,96,97,100,108,115,116,126,131,142,145,157,160,162,184,187,198,200,210,215,237,240,252,260,318,327,386,393,419,425
3,5,7,8,17,27,28,29,30,36,41,43,47,49,51,57,60,73,77,82,83,84,87,89,91,94,95,101,103,104,106,107,110,114,117,123,125,126,127,128,130,132,133
3,6,8,13,19,25,33,34,38,47,49,57,59,61,62,68,69,72,77,78,85,88,89,92,93,97,101,107,112,117,120,125,150,154,161,172,189,199,217,220,225,234,235
0,3,4,5,7,8,10,15,16,17,28,36,37,38,41,43,44,45,47,49,51,57,58,65,67,69,71,72,74,75,76,77,79,82,83,84,86,87,88,89,92,94,95,101,103,106,107,110,112,114,117,123,125,126,127,128,130,132,133,134
1,7,8,15,17,20,25,29,34,39,42,48,49,54,55,57,60,74,76,81,96,100,103,111,119,122,130,134,135,136,139,144,145,152,153,154,159,167,183,184,187,197,215,224,234,236,243,255,256,267,270,294,323,325,338,345,346,372,375,376
3,5,7,8,13,15,17,27,28,29,30,36,37,39,41,43,45,47,49,51,56,57,65,69,70,71,73,74,75,77,79,82,84,86,87,88,89,90,91,94,95,101,102,103,108,110,114,117,123,125,126,127,132,133
1,4,5,7,8,9,18,28,45,46,47,52,55,58,62,68,72,74,76,78,79,85,86,88,89,90,94,95,98,99,105,109,112,115,118,119,123,124,126,133,145,153,154,169,170,175,177,179,180,223,228,240,257,258
0,3,5,7,8,10,11,15,16,22,27,28,29,30,31,34,36,38,41,43,45,47,51,56,57,65,66,67,69,71,72,73,74,76,77,79,82,83,84,86,87,88,89,90,91,92,94,95,101,103,104,106,107,108,110,112,113,114,120,123,125,127,128,132,133,134
2,4,7,9,11,14,18,23,25,27,28,39,46,49,50,55,66,69,70,74,76,82,87,93,94,96,97,129,134,143,150,152,153,159,161,162,171,172,173,175,180,184,185,186,208,217,233,240,242,254,255,262,285,292,297,299,301,320,321,348,387,408,410,428,433,436
0,3,7,11,15,17,22,27,28,31,34,36,39,40,41,42,43,47,49,51,56,57,65,67,69,71,73,75,79,82,83,84,87,88,89,91,92,94,95,101,103,106,107,108,110,117,123,125,126,127,128,130,132,133,134
1,2,5,6,7,8,9,10,14,16,17,25,30,32,35,37,51,53,54,56,58,59,69,71,72,80,81,84,86,91,94,100,101,109,114,115,117,119,136,150,160,175,178,184,185,188,195,197,198,216,221,223,228,231,232
4,7,10,12,21,35,38,51,54,59,65,66,71,77,81,82,83,86,87,90,94,97,102,103,104,105,108,110,112,113,116,118,119,120,121,122,124,125,126,128,129,131,134
2,5,12,14,19,64,65,69,70,71,76,131,132,134,135,152,160,162,170,178,180,181,202,203,204,233,252,259,314,317,318,330,333,358,365,373,374,376,377,385,387,402,431
12,19,20,21,37,39,52,54,59,68,80,81,85,90,91,94,98,99,102,105,111,113,116,118,119,121,124,126,128,129,131,134
1,2,3,37,38,42,46,57,58,59,63,66,81,146,148,149,150,154,249,330,332,333,337,340,345,349,369,378,381,383,532,573
0,1,2,7,21,23,25,31,41,47,51,53,54,59,63,65,68,73,77,79,80,82,87,88,89,90,93,95,100,101,102,105,109,110,113,114,115,118,119,121,122,124,126,128,129,131,132,133,134
2,12,15,16,19,20,21,29,31,46,49,51,61,63,65,68,69,75,76,80,84,86,91,94,95,108,112,113,122,123,127,145,149,150,175,176,178,209,210,214,223,230,231,250,281,325,350,396,405
10,58,63,64,70,78,84,86,87,89,96,97,103,106,109,114,116,125,129,131
1,5,6,7,8,9,11,12,13,14,15,18,19,20,21,22,30,31,74,80
3,7,8,9,18,19,20,25,26,29,30,34,42,50,52,55,56,57,58,60,63,67,68,70,71,74,75,77,78,80,86,87,89,91,92,93,96,97,98,99,100,101,104,106,109,110,111,115,116,117,118,121,122,123,126,127,128,133,134
3,4,6,14,19,20,42,43,45,46,49,50,51,88,102,113,120,123,125,146,147,150,158,169,170,171,172,177,179,182,186,187,189,190,191,199,210,211,223,247,277,286,287,288,297,303,311,327,333,414,420,473,481,513,515,534,541,544,545
2,3,5,7,8,11,14,15,17,19,20,26,32,34,37,38,41,43,44,46,47,50,51,52,57,60,63,65,69,75,76,77,80,82,84,86,87,88,92,94,95,96,97,99,100,101,103,106,107,108,109,110,111,112,113,114,115,116,117,118,121,122,123,125,127,128,132,133,134
13,17,22,25,27,33,34,35,36,39,43,49,55,58,61,69,72,77,78,79,81,89,92,112,115,130,131,133,137,145,156,160,164,167,171,181,184,192,195,199,217,225,226,274,304,312,320,334,335,336,345,354,378,381,382,384,422,428,474,476,490,496,540,547,565,581,589,595,602
0,3,4,5,7,15,17,27,29,37,39,41,45,47,51,54,56,65,67,69,73,74,75,76,78,79,82,83,86,87,89,91,92,94,95,101,102,103,104,108,109,110,112,113,117,120,122,123,124,125,126,127,128,130,131,132,133,134
4,10,12,14,21,33,37,38,41,48,49,51,53,58,62,65,68,72,77,81,88,90,94,95,97,104,110,113,114,116,119,125,127,133,136,167,170,173,175,181,182,186,189,192,195,196,197,202,206,215,229,248,255,258,259,279,283,284
21,37,54,73,78,79,90,93,96,98,100,105,113,116,118,121,122,124,127,128,129,131,132,133,134
1,2,3,8,9,10,11,12,13,14,15,43,45,48,59,62,71,72,74,76,102,114,120,564,569
0,3,4,5,7,8,10,17,22,27,29,30,34,36,37,40,41,47,51,56,57,65,67,71,72,73,74,75,77,78,79,82,83,84,86,87,88,89,91,92,95,101,103,104,107,108,110,113,114,117,120,123,126,127,130,132,133,134
6,20,22,23,32,42,44,47,50,52,54,55,58,61,62,65,72,76,80,88,92,95,98,101,102,112,120,121,127,128,149,152,160,167,168,176,178,186,189,191,204,216,218,221,229,233,242,249,251,259,261,301,345,371,486,494,502,504
0,3,5,7,8,13,15,17,18,27,28,29,31,34,36,39,40,43,47,49,51,56,57,65,67,69,71,72,73,77,79,82,83,84,86,87,89,91,94,95,101,103,104,106,107,110,114,117,123,125,126,127,128,130,132,133,134
1,7,9,12,18,19,24,28,29,30,36,37,38,40,54,58,61,75,77,78,79,82,88,90,93,94,95,96,97,102,103,106,107,114,117,127,134,141,144,168,171,177,179,192,207,231,253,264,294,316,327,355,358,360,370,373,375
1,9,12,13,14,18,20,23,24,25,26,32,33,39,49,52,53,55,58,59,61,63,64,68,70,72,78,80,81,84,85,89,93,96,97,98,99,100,105,106,107,109,111,113,114,115,116,118,119,121,122,128,129,134
7,18,19,25,26,27,28,31,33,36,37,42,44,45,66,69,71,76,81,88,91,93,122,129,132,147,155,158,163,170,182,185,192,208,235,238,254,271,273,293,341,375,425,433,458,486,501,525,529,540,575,584,608,612
3,5,7,8,10,15,17,28,29,31,34,36,38,39,41,42,43,45,47,49,51,54,56,57,65,66,67,69,71,72,73,75,76,77,79,84,86,87,88,89,91,94,95,101,103,106,107,110,114,117,120,123,125,127,128,130,132,133,134
3,18,23,27,28,35,37,48,49,50,56,73,76,77,81,84,93,101,103,104,105,106,107,112,119,120,123,124,132,135,139,141,143,144,148,156,167,169,173,174,175,198,227,237,278,282,292,305,318,324,326,339,374,387,390,392,411,416,417
32,34,49,55,58,63,65,78,80,86,93,94,95,96,98,99,102,103,111,122,124,125,127,129,131
3,6,7,8,19,20,26,33,37,38,44,49,51,62,65,66,67,69,70,72,73,80,81,161,176
0,3,5,7,8,10,15,17,22,27,28,29,34,36,39,41,42,43,45,47,49,56,57,65,67,69,72,73,75,76,77,79,82,84,86,87,88,89,91,92,94,95,101,103,106,107,108,110,112,113,114,117,120,123,125,127,128,130,132,133,134
1,3,4,6,11,13,19,24,27,28,38,40,45,65,68,72,73,87,91,95,96,97,100,105,117,119,127,129,130,132,153,156,164,171,174,175,180,181,183,185,189,202,208,209,211,218,221,234,235,243,264,275,280,293,341,363,369,370,399,401,405
1,2,3,6,7,9,13,18,19,20,23,25,30,33,39,41,47,50,52,55,57,58,59,60,61,63,68,70,73,77,80,83,86,89,93,96,97,98,99,100,101,104,109,110,111,113,115,116,117,118,119,121,122,123,126,127,128,129,132,133,134
1,11,13,16,17,51,52,64,71,93,100,103,111,112,116,118,119,120,143,144,145,146,148,155,168,171,175,187,188,193,199,212,213,214,216,234,235,259,304,325,340,342,344,346,350,351,373,388,506,512,538,582,606,611,615,622,634,635,639,640,643
2,4,7,8,10,21,23,30,34,35,38,40,44,45,46,50,51,55,57,58,59,61,63,65,66,68,70,71,76,77,80,82,83,86,87,90,94,96,97,99,100,102,103,104,105,108,110,112,113,116,118,119,120,121,122,124,125,126,128,129,131,134
2,5,12,14,18,25,28,30,34,69,89,91,97,99,101,102,118,120,123,124,125,133,134,149,178,179,180,188,189,191,193,225,229,235,261,285,287,290,292,295,296,318,320,332,353,361,369,419,429,433,453,457,476,483,486,492,506,509,525,538,566,577
2,3,4,5,7,8,10,15,17,19,22,29,30,34,37,39,40,44,50,51,56,57,63,65,67,69,71,74,75,76,77,79,82,83,87,88,89,91,92,93,95,98,101,104,106,108,109,110,111,112,113,114,117,123,126,127,128,130,132,133,134
1,13,14,15,21,22,24,27,28,29,30,40,49,53,57,60,66,69,70,73,76,81,82,88,89,91,105,107,117,118,128,129,131,132,138,144,153,154,155,156,171,172,224,237,238,242,246,255,265,267,269,270,440,479,486,529,549,552,567,571,574
3,5,6,7,8,9,13,19,20,25,26,28,30,32,39,40,41,42,45,47,51,52,55,56,57,58,60,61,63,65,67,70,71,72,74,77,80,82,83,86,87,88,89,91,96,97,98,99,100,101,103,106,109,110,111,113,115,116,117,118,119,121,122,123,125,126,127,128,129,132
2,5,6,9,10,28,36,45,57,58,59,60,64,66,68,70,75,76,77,78,79,96,97,98,103,104,136,156,159,160,163,168,171,172,173,175,188,190,194,198,201,202,204,206,217,219,235,260,277,294,297,298,299,305,312,313,345,355,456,480,556,666,675,676,677,683,685,696,699,702
0,2,9,10,13,14,18,19,20,22,25,26,27,29,30,31,32,33,38,41,47,50,51,52,53,54,55,56,57,59,61,63,64,65,67,68,73,74,75,76,77,78,79,80,81,82,85,86,87,89,90,91,93,97,98,100,102,104,105,109,110,111,113,115,118,119,121,122,123,124,125,126,127,128,129,132,133,134
2,4,6,21,22,23,29,33,42,45,51,55,60,64,65,67,85,87,88,89,90,112,113,128,130,141,152,153,154,166,170,177,179,181,183,189,200,203,205,206,211,214,215,223,224,226,232,233,237,239,259,262,280,292,295,318,345,347,351,371,390,415,427,429,484,523,548,567,571,578,582,583,600,616,643,668,703,706
4,12,13,16,21,44,48,53,54,58,59,60,62,66,68,70,77,78,80,85,90,99,102,105,108,109,111,112,115,116,118,119,120,121,125,128,129,131,132,134
8,9,11,18,30,39,103,105,108,111,112,113,160,210,211,213,215,216,218,223,233,234,248,268,278,279,281,343,344,348,357,363,423,426,435,453,454,470,471,578
0,4,6,7,8,9,10,14,18,19,20,22,23,24,25,26,29,32,33,34,37,39,40,41,44,47,51,52,53,55,57,58,59,60,61,63,64,66,67,68,71,73,74,75,76,77,78,79,80,82,83,85,86,87,89,91,93,94,96,97,99,100,103,104,105,108,109,110,111,112,113,116,118,120,121,123,127,128,129,132,133,134
4,7,8,11,15,19,21,26,27,28,30,33,40,54,55,56,60,66,70,71,77,79,80,86,91,96,97,103,124,130,136,138,144,152,156,159,169,172,178,185,186,197,201,209,211,229,234,236,251,253,255,262,264,267,271,280,296,301,308,319,320,325,326,330,332,339,340,354,357,399,401,407,465,483,490,492,501,511,577,625,693,701
4,8,9,10,20,21,22,30,37,38,41,50,51,52,54,55,56,60,61,63,64,65,67,68,71,73,74,75,77,78,80,83,86,88,89,90,91,93,97,98,100,102,103,104,105,108,109,110,111,113,115,118,119,121,122,123,124,125,126,127,128,129,132,133,134
1,2,4,5,9,11,12,13,18,19,20,25,28,45,50,55,57,59,60,63,67,69,72,79,80,81,82,83,87,94,104,107,109,110,112,125,127,128,132,134,164,189,195,207,210,211,221,245,254,274,281,296,336,365,375,376,389,391,392,393,409,418,451,529,531
4,21,26,44,48,54,55,62,66,76,80,81,85,90,94,99,102,103,105,108,109,111,112,113,118,119,120,121,124,125,126,128,129,131,134
6,12,14,16,58,59,60,79,124,125,126,130,131,138,139,141,155,156,170,178,179,180,205,208,211,212,229,230,232,241,242,254,255,265,637
58,99,115,122,129,131
1,2,4,5,26,40
0,11,31,41,47,51,54,56,65,73,75,82,87,90,93,98,105,109,110,113,115,116,118,122,124,128,129,131,132,133,134
2,3,4,5,11,14,17,18,19,28,29,31,36,39,40,41,67,70,72,81,86,90,101,103,109,122,146,157,165,895,904
3,4,7,11,15,17,22,29,30,34,36,37,38,40,41,43,47,51,54,56,57,65,67,69,71,72,73,74,75,77,79,80,81,82,83,86,87,88,89,91,92,94,95,101,102,103,104,106,107,108,110,112,113,117,120,122,123,126,127,128,130,132,133
3,6,8,9,27,33,36,40,41,44,45,50,51,52,53,56,57,58,60,67,68,71,80,87,92,93,96,104,119,126,137,144,145,149,152,154,161,164,180,191,198,200,223,281,286,289,293,296,300,306,323,324,328,333,334,335,359,441,483,487,611,635,648
3,4,5,7,8,10,11,15,17,28,30,31,34,36,37,38,41,42,43,44,45,47,49,51,57,65,69,72,73,75,76,77,79,82,83,84,86,87,88,90,92,94,95,101,102,103,104,106,107,108,110,112,113,114,117,123,125,127,128,132,133,134
5,6,14,16,22,52,53,62,72,76,79,88,92,135,137,140,142,144,159,167,169,178,188,211,226,231,233,238,244,254,260,262,266,306,308,317,322,330,336,337,344,359,374,382,383,403,405,415,434,438,462,467,478,491,518,566,597,636,647,658,659,661
0,3,4,5,7,8,10,28,34,35,36,37,38,41,43,45,47,51,57,65,66,69,73,74,75,77,79,84,86,87,88,89,91,92,94,95,101,103,104,106,107,108,110,112,113,114,117,120,123,125,127,128,130,132,133,134
3,11,12,24,37,43,44,45,46,47,53,54,59,69,82,83,96,104,117,127,129,130,140,143,146,150,155,168,186,189,196,197,198,200,203,204,210,222,224,226,259,260,263,269,271,278,286,288,290,303,320,328,332,337,343,346
0,3,4,5,7,8,15,17,19,27,28,29,30,34,37,39,40,41,44,47,48,51,55,56,57,65,66,67,69,71,73,74,75,76,77,79,82,83,87,88,89,91,92,94,95,101,102,103,104,106,108,110,112,113,114,117,120,123,124,125,126,127,128,130,132,133,134
3,15,17,19,21,24,25,34,35,36,38,47,49,54,67,68,70,78,81,90,91,98,99,106,121,123,126,139,147,154,165,167,178,179,184,208,215,226,238,257,264,285,297,301,318,338,340,349,373,374,377,399,410,416,417,435,445,500,501,506,584,638,656,796,816,819,822
1,2,9,13,14,18,19,20,24,25,32,33,37,50,52,53,55,56,59,61,63,64,65,67,68,71,75,77,78,80,81,82,83,85,86,89,91,93,94,96,97,99,100,109,110,111,113,115,116,118,119,121,123,125,126,128,129,134
1,3,21,22,25,26,32,58,101,103,106,113,114,174,191,233,241,242,243,255,257,264,265,269,270,273,275,277,283,293,350,354,358,458,459,460,461,473,474,477,483,519,559,573,577,595,596,598,609,622,677,707,716,717,721,725,728,731
0,3,5,7,8,10,13,15,16,17,22,27,28,29,30,31,34,36,37,39,40,41,42,43,44,45,46,47,48,49,51,55,56,57,65,67,69,71,72,73,74,75,77,78,79,82,83,84,86,87,88,89,91,94,95,98,101,102,103,104,106,107,110,112,113,114,117,123,124,125,126,127,128,130,132,133,134
2,4,14,17,23,24,25,27,29,35,36,37,43,47,52,55,61,71,74,81,87,89,96,112,113,116,119,122,123,125,126,127,134,148,154,161,166,172,174,175,183,191,193,194,197,198,200,222,224,227,237,254,265,272,273,274,277,278,304,305,314,328,335,336,339,355,370,394,395,427,445,447,457,462,479,487,492
4,7,10,12,16,21,26,34,35,38,44,46,51,54,55,57,59,61,65,66,68,69,76,77,78,80,82,86,87,90,94,97,99,100,102,104,105,108,110,112,113,116,118,119,120,121,122,124,125,128,129,131,134
3,7,11,21,28,41,42,46,122,128,137,139,156,157,158,166,168,172,180,240,242,244,248,251,252,255,260,265,279,311,312,313,314,320,367,368,405,424,444,551,561,567,596,598,617,626,630,641,649,679,685,734,766
2,5,7,9,10,11,19,20,26,37,45,47,50,51,52,55,60,61,63,64,68,69,70,73,75,77,78,79,82,86,87,88,89,92,93,95,96,97,98,99,100,101,103,109,111,113,115,117,118,119,120,121,122,123,126,127,128,129,132,133,134
2,3,7,23,24,26,53,57,58,59,61,62,74,77,81,84,131,141,146,151,153,154,155,156,157,159,165,166,170,172,173,176,177,183,186,192,197,201,202,220,331,453,456,461,462,463,480,482,492,617,618,809,842,845,846,876,902,915,952,956,961
0,2,7,10,11,12,20,21,24,26,31,33,37,41,42,47,51,53,54,55,58,59,60,61,63,65,68,73,75,76,77,78,79,82,87,90,93,97,99,100,101,102,105,109,112,113,118,121,122,124,128,129,131,132,133,134
8,11,14,22,23,30,31,37,38,40,80,81,85,92,94,114,117,119,145,149,153,155,156,157,161,195,197,207,210,213,214,237,247,250,254,280,289,294,297,311,312,315,354,388,389,404,454,459,460,480,509,630,691,750,894,920
0,3,4,5,8,11,15,17,22,27,28,34,36,37,39,40,41,42,43,44,45,51,56,67,69,71,73,74,75,79,82,83,84,86,87,88,89,91,92,94,95,98,101,103,104,106,107,110,112,113,114,123,125,126,127,128,130,132,133,134
1,7,8,9,10,11,17,28,30,33,38,42,43,59,67,69,70,71,76,77,79,81,86,101,107,119,122,141,149,152,160,170,177,179,180,183,184,188,194,203,216,218,233,256,258,260,261,273,274,283,293,310,338,365,398,400,751,766,772,773
3,5,8,15,16,17,22,28,30,34,36,38,43,44,45,47,49,54,56,57,65,69,71,72,74,76,77,79,82,83,84,86,87,88,89,91,92,94,95,101,103,106,107,108,110,112,113,114,117,123,125,126,127,128,130,132,133,134
1,6,7,14,16,17,19,34,36,37,48,49,57,60,73,75,77,78,79,83,85,87,92,93,96,97,103,108,109,118,124,127,131,132,143,149,159,184,194,200,212,223,232,238,252,253,254,270,278,280,319,328,353,356,364,403,405,406
3,5,7,8,10,13,15,17,18,22,28,29,30,34,37,41,44,45,47,49,51,56,57,60,62,65,66,67,69,71,73,74,75,76,77,78,79,82,83,87,89,91,92,94,95,101,102,103,104,107,108,110,112,113,117,120,123,125,126,127,128,130,132,133,134
12,13,22,31,36,37,45,56,58,62,73,80,86,90,94,110,111,112,119,120,121,129,140,141,142,145,148,167,168,170,178,187,194,197,202,208,254,260,263,273,283,305,310,313,344,368,369,375,384,385,387,407,412,413,428,432,462,477,496,543,561,580,633,640,641
0,2,4,7,8,9,19,20,22,23,24,25,26,29,32,34,35,37,39,40,41,45,47,50,51,52,53,55,56,57,58,59,60,61,63,64,65,66,67,68,71,73,74,75,77,78,79,80,82,83,85,86,87,88,89,91,93,94,97,99,100,102,103,104,105,108,109,110,111,112,113,114,116,117,118,119,120,121,123,125,126,127,128,129,132,133,134
5,7,9,11,20,27,33,36,38,40,44,47,48,52,54,55,64,66,68,69,71,72,74,91,97,108,111,116,117,120,123,127,130,143,145,147,151,152,161,166,177,189,191,192,221,227,231,241,249,252,256,258,261,262,273,281,282,296,303,305,312,315,318,335,337,349,355,390,397,408,428,429,439,440,487,491,516,523,527,536,549,555,571,599,644,734,741
0,2,6,9,10,12,13,14,18,19,20,22,23,24,25,26,27,29,30,33,34,37,39,41,45,50,51,52,53,54,55,56,59,60,61,63,64,65,67,68,73,75,76,78,80,83,86,87,89,90,91,93,96,97,100,102,103,104,109,111,113,115,116,118,119,121,122,123,124,125,126,128,129,132,133,134
3,8,16,18,20,21,22,23,28,29,36,37,40,41,42,47,49,52,54,57,58,59,60,66,67,82,83,103,115,139,150,153,161,166,170,184,191,194,199,204,205,207,211,234,245,246,247,248,256,288,292,302,304,326,365,401,402,409,444,459,486,494,495,551,585,599,616,622,645,647,650,687,710,748,873,885
21,87,94,99,112,118,123,131,134
1,4,5,6,7,8,9,10,1396
1,26,34,45,54,58,59,64,70,78,80,84,86,87,88,89,93,94,95,97,98,102,103,109,111,113,114,115,116,122,125,126,129,131,134
1,6,18,19,20,24,26,30,31,35,36,37,39,42,44,46,50,53,63,67,69,70,71,73,81,82,83,85,96,105,107,108,114,130,131
14,21,32,49,55,57,58,59,61,73,77,78,80,86,87,90,93,94,96,97,98,99,100,102,105,107,110,111,113,115,116,118,121,122,124,127,128,131,132,133
5,8,11,12,13,14,17,23,24,25,26,27,29,31,32,35,38,39,40,41,42,43,44,56,66,67,78,83,94,101,105,109,112,113,745,746,750,759,775,1408
3,4,5,7,8,11,15,16,17,22,28,29,30,31,37,39,40,41,43,45,46,47,51,56,57,65,66,67,69,71,73,74,75,76,77,79,82,83,84,86,87,88,89,91,92,94,95,101,103,104,108,110,112,113,114,117,120,123,125,126,127,128,132,133,134
5,11,12,15,20,21,23,24,25,28,29,34,44,47,53,62,64,68,69,73,74,76,78,84,93,96,97,101,102,109,111,114,119,121,141,143,145,152,155,162,164,174,182,185,186,187,191,238,241,264,272,277,282,287,291,690,696,719,727,737,782,812,822,836,838
18,25,26,34,55,58,59,63,68,70,78,80,89,93,94,95,96,97,103,106,107,109,111,116,122,129,131
14,20,21,25,28,36,37,38,40,42,49,57,58,65,66,70,74,76,77,78,81,82,83,94,101,180,211
0,3,4,6,7,8,9,10,14,15,18,20,21,22,23,24,25,26,29,30,32,33,37,39,40,41,44,47,51,52,53,55,56,57,58,60,61,63,65,67,68,69,71,73,74,75,76,77,78,79,80,82,83,85,86,87,88,89,91,93,94,95,96,97,99,100,103,104,105,108,109,110,111,112,113,116,118,119,120,121,122,123,125,126,127,128,129,132,133,134
11,12,17,18,24,28,34,47,51,52,53,56,57,58,59,64,65,69,70,75,76,86,93,97,98,107,108,117,126,133,144,148,156,173,176,183,191,197,230,236,240,241,249,265,270,279,285,300,313,326,339,364,365,374,379,386,388,401,420,445,453,454,467,478,482,494,497,509,514,524,555,571,591,623,630,631,714,720,754,758,759,785,788,794,817,850,880,1026,1166,1184
1,2,6,8,9,12,13,18,19,20,23,24,25,26,32,33,39,45,48,49,50,51,52,55,57,58,59,61,63,64,65,68,70,72,77,80,82,83,84,85,86,87,89,93,94,96,97,98,99,100,102,103,104,106,107,109,110,111,114,115,116,119,122,125,126,129
2,13,19,22,23,28,46,49,50,51,52,54,69,78,107,126,127,128,129,141,142,148,156,161,174,191,204,207,209,212,214,238,249,251,264,282,297,314,315,317,330,352,377,382,393,425,452,483,511,526,527,548,569,592,601,602,657,688,699,729,808,815,872,886,902,1080
8,21,40,44,48,58,62,66,80,81,90,91,102,105,108,112,116,118,119,120,131,134
1,2,3,6,39,40,75,87,88,89,90,91,98,105,127,149,151,153,155,162,166,485
0,3,4,5,7,8,10,13,15,16,17,18,22,29,30,31,34,36,37,40,41,43,44,47,49,51,55,56,57,65,66,67,69,71,72,73,74,75,76,77,78,79,82,83,84,87,88,89,91,92,94,95,101,103,104,106,107,108,110,112,113,114,117,120,123,125,126,127,128,130,132,133,134
10,19,24,25,35,38,41,42,48,49,55,56,67,72,77,78,88,110,119,120,126,148,150,158,159,162,163,168,186,200,206,216,217,222,224,233,244,257,258,260,261,267,276,277,290,312,316,326,331,339,340,365,371,372,380,382,415,430,438,453,456,460,471,474,525,528,545,611,628,671,710,738,742
0,2,3,5,7,8,11,15,19,20,26,28,31,36,37,41,43,45,47,50,51,52,57,61,63,65,69,73,75,77,79,80,82,84,86,87,88,89,93,94,95,97,98,99,100,101,103,106,108,109,110,111,113,114,115,116,117,118,119,121,122,123,125,127,128,132,133,134
1,18,23,35,44,47,54,55,62,76,78,80,81,82,83,86,88,89,101,111,115,122,128,139,164,174,177,179,180,183,191,193,196,197,198,209,217,218,219,222,224,229,236,259,378,428,430,432,433,434,443,445,447,450,522,524,599,605,611,702,708,724,727,740,746,1715,1718,1720
1,2,6,7,8,9,10,11,13,14,16,18,19,20,23,24,25,26,33,39,40,45,50,51,52,53,55,57,58,59,60,61,63,64,65,68,70,71,74,76,77,78,80,81,83,84,85,86,87,89,93,96,97,98,99,100,103,104,106,109,110,111,113,114,115,116,118,119,121,122,125,126,128,129,132,134
2,3,7,8,11,14,25,29,31,32,33,46,47,52,53,66,70,78,88,89,94,95,97,103,110,116,118,119,142,155,172,176,182,187,203,205,209,219,228,236,241,248,251,270,275,279,380,382,403,424,429,440,446,449,470,477,482,494,495,497,510,516,574,579,586,627,729,938,983,1011,1029,1031,1135,1153,1523,1597
3,4,5,7,8,10,15,16,22,27,28,29,30,34,36,38,39,40,43,44,45,47,49,51,52,54,56,57,65,67,71,72,73,74,77,79,82,83,84,86,87,88,89,91,92,94,95,101,103,104,106,107,108,110,112,114,117,120,123,125,126,127,128,130,132,133
4,6,8,11,21,27,42,47,50,52,56,60,71,79,86,87,89,93,99,108,111,113,122,130,131,132,133,152,156,164,176,184,187,197,201,203,220,228,235,259,276,304,329,332,356,363,387,390,404,418,427,444,459,490,492,500,507,510,525,569,673,714,725,1447,1466,1469
1,2,19,20,23,24,25,26,32,50,58,59,61,63,68,71,77,85,90,93,95,96,97,98,100,102,105,106,108,109,110,111,113,114,115,116,118,121,122,124,125,127,129,131,132,133
1,2,3,4,5,6,7,13,14,15,17,18,20,23,27,28,32,33,47,53,63,66,77,81,82,98,165,174,175,176,191,197,198,199,202,235,237,240,250,602,603,604,605,661,679,2366
4,35,90,102,105,108,112,134
2,5,6,7,15,16,20,2435
0,3,4,5,7,8,10,11,15,16,17,22,27,28,29,30,31,34,36,37,38,39,41,42,43,44,45,46,47,49,51,56,65,66,67,69,71,72,73,74,75,76,77,79,82,83,84,86,87,88,89,91,92,94,95,101,103,104,106,107,108,110,112,113,114,117,120,123,125,126,127,128,130,132,133,134
1,14,16,30,41,42,43,47,49,55,69,72,74,111,113,114,122,124,161,164,218,223,234,235,279,280,286,287,291,301,311,315,323,327,334,353,359,362,367,371,384,388,391,427,462,495,508,529,543,547,555,559,562,589,607,718,785,789,815,890,896,944,946,966,1019,1023,1024,1091,1169,1665,1706,1711,1798,1843,1847,1854
1,6,8,9,13,18,19,24,26,30,32,33,39,50,52,53,55,56,58,59,60,61,63,64,65,67,68,70,77,78,80,81,82,83,85,86,87,89,91,93,94,96,97,98,99,100,104,109,110,111,113,115,116,118,119,121,122,125,128,129,134
5,6,7,11,14,29,30,39,43,45,47,52,53,75,81,100,109,110,118,131,272,276,278,281,282,283,287,304,321,322,328,754,755,757,1000,1001,1002,1004,1005,1012,1013,1018,1026,1039,1044,1059,1078,1082,1092,1104,1155,1209,1217,1345,1445,1681,1733,1735,1851,1857,1868
1,14,18,23,25,26,33,49,55,58,64,68,70,78,80,84,86,89,93,96,97,98,102,106,107,114,116,121,122,125,126,129,131
4,5,12,13,17,30,31,32,34,41,48,56,62,63,70,74,77,86,87,92,93,107,108,122,149,153,171,172,179,182,189,230,262
2,7,15,17,19,30,34,36,41,43,45,50,51,52,56,57,65,67,69,72,73,76,77,82,83,84,87,88,89,91,94,95,99,100,101,104,107,112,114,115,117,119,125,126,127,128,132
6,7,9,12,16,17,18,19,20,22,23,27,29,31,32,33,34,36,41,43,45,46,53,58,62,63,68,71,72,73,83,90,150,157,159,160,161,162,163,207,209,568,573,574,584,586,588
